3445
8
8809164
32371
 0 1 1 19 52  21 (D 0,1,1) (S 1,2,2) (S 25,1,2) (S 58,2,8) (S 38,8,14) (S 7,15,15) (S 30,14,15) (S 10,21,21) (S 52,15,21) (S 64,21,20) (S 41,20,26) (S 33,26,31) (S 15,32,32) (S 75,31,32) (S 16,33,33) (S 45,32,33) (S 14,28,28) (S 27,33,28) (S 17,34,34) (S 61,28,34) (D 0,1,1)
 0 1 2 31 115  33 (D 0,1,1) (S 47,1,6) (S 8,18,18) (S 50,6,18) (S 44,18,12) (S 21,12,6) (S 3,7,7) (S 53,6,7) (S 6,13,13) (S 42,7,13) (S 37,13,12) (S 6,13,13) (S 37,12,13) (S 37,13,12) (S 8,18,18) (S 60,12,18) (S 44,18,12) (S 9,19,19) (S 31,12,19) (S 31,19,12) (S 21,12,6) (S 82,6,1) (S 1,2,2) (S 25,1,2) (S 58,2,8) (S 4,9,9) (S 48,8,9) (S 28,9,10) (S 71,10,3) (S 1,2,2) (S 55,3,2) (S 25,2,1) (D 0,1,1)
 0 1 3 37 137  39 (D 0,1,1) (S 3,7,7) (S 63,1,7) (S 74,7,1) (S 47,1,6) (S 21,6,12) (S 9,19,19) (S 31,12,19) (S 59,19,20) (S 9,19,19) (S 77,20,19) (S 59,19,20) (S 79,20,14) (S 73,14,20) (S 41,20,26) (S 34,26,27) (S 10,21,21) (S 36,27,21) (S 64,21,20) (S 41,20,26) (S 68,26,20) (S 79,20,14) (S 38,14,8) (S 4,9,9) (S 48,8,9) (S 23,9,3) (S 2,4,4) (S 43,3,4) (S 35,4,10) (S 71,10,3) (S 72,3,10) (S 5,11,11) (S 39,10,11) (S 85,11,10) (S 71,10,3) (S 1,2,2) (S 55,3,2) (S 25,2,1) (D 0,1,1)
 0 1 4 20 84  22 (D 0,1,1) (S 1,2,2) (S 25,1,2) (S 58,2,8) (S 4,9,9) (S 48,8,9) (S 28,9,10) (S 2,4,4) (S 35,10,4) (S 35,4,10) (S 5,11,11) (S 39,10,11) (S 2,4,4) (S 19,11,4) (S 35,4,10) (S 22,10,16) (S 29,16,17) (S 12,24,24) (S 54,17,24) (S 17,34,34) (S 40,24,34) (D 0,1,1)
 0 1 5 15 57  17 (D 0,1,1) (S 47,1,6) (S 21,6,12) (S 9,19,19) (S 31,12,19) (S 59,19,20) (S 41,20,26) (S 34,26,27) (S 15,32,32) (S 49,27,32) (S 62,32,31) (S 26,31,30) (S 26,30,31) (S 26,31,30) (S 13,25,25) (S 66,30,25) (D 0,1,1)
 0 1 6 22 68  24 (D 0,1,1) (S 47,1,6) (S 21,6,12) (S 9,19,19) (S 31,12,19) (S 59,19,20) (S 41,20,26) (S 34,26,27) (S 14,28,28) (S 69,27,28) (S 11,23,23) (S 20,28,23) (S 32,23,22) (S 11,23,23) (S 32,22,23) (S 32,23,22) (S 7,15,15) (S 24,22,15) (S 24,15,22) (S 14,28,28) (S 56,22,28) (S 17,34,34) (S 61,28,34) (D 0,1,1)
 0 1 7 41 136  43 (D 0,1,1) (S 1,2,2) (S 25,1,2) (S 58,2,8) (S 4,9,9) (S 48,8,9) (S 28,9,10) (S 22,10,16) (S 22,16,10) (S 71,10,3) (S 1,2,2) (S 55,3,2) (S 58,2,8) (S 4,9,9) (S 48,8,9) (S 28,9,10) (S 71,10,3) (S 72,3,10) (S 22,10,16) (S 11,23,23) (S 78,16,23) (S 32,23,22) (S 14,28,28) (S 56,22,28) (S 70,28,27) (S 15,32,32) (S 49,27,32) (S 16,33,33) (S 45,32,33) (S 14,28,28) (S 27,33,28) (S 16,33,33) (S 27,28,33) (S 15,32,32) (S 46,33,32) (S 62,32,31) (S 26,31,30) (S 18,30,29) (S 18,29,30) (S 18,30,29) (S 13,25,25) (S 57,29,25) (D 0,1,1)
 0 1 8 41 171  43 (D 0,1,1) (S 1,2,2) (S 25,1,2) (S 58,2,8) (S 4,9,9) (S 48,8,9) (S 28,9,10) (S 22,10,16) (S 7,15,15) (S 81,16,15) (S 30,15,14) (S 38,14,8) (S 4,9,9) (S 48,8,9) (S 28,9,10) (S 22,10,16) (S 29,16,17) (S 5,11,11) (S 76,17,11) (S 12,24,24) (S 65,11,24) (S 83,24,17) (S 5,11,11) (S 76,17,11) (S 84,11,17) (S 5,11,11) (S 76,17,11) (S 85,11,10) (S 22,10,16) (S 7,15,15) (S 81,16,15) (S 30,15,14) (S 73,14,20) (S 41,20,26) (S 33,26,31) (S 26,31,30) (S 18,30,29) (S 8,18,18) (S 80,29,18) (S 44,18,12) (S 21,12,6) (S 82,6,1) (D 0,1,1)
