747
6
6082331
1481
 0 1 1 6 51  8 (D 0,1,1) (S 4,2,2) (S 19,1,2) (S 2,3,3) (S 8,2,3) (S 1,4,4) (S 24,3,4) (D 0,1,1)
 0 1 2 11 62  13 (D 0,1,1) (S 1,4,4) (S 20,1,4) (S 4,2,2) (S 9,4,2) (S 1,4,4) (S 9,2,4) (S 4,2,2) (S 9,4,2) (S 10,2,9) (S 3,10,10) (S 17,9,10) (D 0,1,1)
 0 1 3 8 49  10 (D 0,1,1) (S 7,7,7) (S 21,1,7) (S 26,7,6) (S 11,6,5) (S 11,5,6) (S 11,6,5) (S 2,3,3) (S 25,5,3) (D 0,1,1)
 0 1 4 7 62  9 (D 0,1,1) (S 3,10,10) (S 22,1,10) (S 5,11,11) (S 18,10,11) (S 12,11,5) (S 6,12,12) (S 13,5,12) (D 0,1,1)
 0 1 5 13 69  15 (D 0,1,1) (S 6,12,12) (S 23,1,12) (S 7,7,7) (S 15,12,7) (S 14,7,8) (S 5,11,11) (S 16,8,11) (S 16,11,8) (S 7,7,7) (S 14,8,7) (S 14,7,8) (S 3,10,10) (S 28,8,10) (D 0,1,1)
 0 1 6 17 79  19 (D 0,1,1) (S 6,12,12) (S 23,1,12) (S 13,12,5) (S 6,12,12) (S 13,5,12) (S 27,12,6) (S 11,6,5) (S 2,3,3) (S 25,5,3) (S 4,2,2) (S 8,3,2) (S 10,2,9) (S 4,2,2) (S 10,9,2) (S 10,2,9) (S 5,11,11) (S 29,9,11) (D 0,1,1)
