1423
6
6290976
13199
 0 1 1 15 41  17 (D 0,1,1) (S 59,1,2) (S 10,13,13) (S 46,2,13) (S 11,14,14) (S 32,13,14) (S 16,20,20) (S 43,14,20) (S 17,21,21) (S 61,20,21) (S 12,15,15) (S 44,21,15) (S 17,21,21) (S 37,15,21) (S 18,22,22) (S 69,21,22) (D 0,1,1)
 0 1 2 22 64  24 (D 0,1,1) (S 59,1,2) (S 1,3,3) (S 48,2,3) (S 7,9,9) (S 41,3,9) (S 8,10,10) (S 30,9,10) (S 1,3,3) (S 34,10,3) (S 73,3,2) (S 6,8,8) (S 57,2,8) (S 11,14,14) (S 27,8,14) (S 6,8,8) (S 27,14,8) (S 7,9,9) (S 31,8,9) (S 12,15,15) (S 53,9,15) (S 18,22,22) (S 68,15,22) (D 0,1,1)
 0 1 3 9 37  11 (D 0,1,1) (S 59,1,2) (S 10,13,13) (S 46,2,13) (S 9,12,12) (S 36,13,12) (S 4,6,6) (S 63,12,6) (S 5,7,7) (S 56,6,7) (D 0,1,1)
 0 1 4 30 107  32 (D 0,1,1) (S 59,1,2) (S 10,13,13) (S 46,2,13) (S 54,13,2) (S 1,3,3) (S 48,2,3) (S 8,10,10) (S 34,3,10) (S 7,9,9) (S 30,10,9) (S 12,15,15) (S 53,9,15) (S 11,14,14) (S 74,15,14) (S 10,13,13) (S 32,14,13) (S 9,12,12) (S 36,13,12) (S 4,6,6) (S 63,12,6) (S 9,12,12) (S 58,6,12) (S 4,6,6) (S 63,12,6) (S 28,6,18) (S 4,6,6) (S 28,18,6) (S 28,6,18) (S 23,29,29) (S 35,18,29) (D 0,1,1)
 0 1 5 14 56  16 (D 0,1,1) (S 59,1,2) (S 10,13,13) (S 46,2,13) (S 9,12,12) (S 36,13,12) (S 4,6,6) (S 63,12,6) (S 28,6,18) (S 15,19,19) (S 45,18,19) (S 19,25,25) (S 51,19,25) (S 23,29,29) (S 62,25,29) (D 0,1,1)
 0 1 6 21 81  23 (D 0,1,1) (S 59,1,2) (S 10,13,13) (S 46,2,13) (S 9,12,12) (S 36,13,12) (S 4,6,6) (S 63,12,6) (S 28,6,18) (S 15,19,19) (S 45,18,19) (S 10,13,13) (S 52,19,13) (S 9,12,12) (S 36,13,12) (S 4,6,6) (S 63,12,6) (S 28,6,18) (S 15,19,19) (S 45,18,19) (S 16,20,20) (S 65,19,20) (D 0,1,1)
