1014
8
12447343
12781
 0 1 1 22 41  24 (D 0,1,1) (S 27,1,31) (S 4,5,5) (S 57,31,5) (S 34,5,10) (S 30,10,11) (S 5,6,6) (S 42,11,6) (S 31,6,31) (S 4,5,5) (S 57,31,5) (S 5,6,6) (S 43,5,6) (S 40,6,11) (S 30,11,10) (S 9,14,14) (S 45,10,14) (S 39,14,10) (S 30,10,11) (S 5,6,6) (S 42,11,6) (S 31,6,31) (S 27,31,1) (D 0,1,1)
 0 1 2 2 4  4 (D 0,1,1) (S 17,30,30) (S 36,1,30) (D 0,1,1)
 0 1 3 27 64  29 (D 0,1,1) (S 1,2,2) (S 61,1,2) (S 2,3,3) (S 50,2,3) (S 3,4,4) (S 20,3,4) (S 26,4,13) (S 8,12,12) (S 54,13,12) (S 49,12,11) (S 8,12,12) (S 46,11,12) (S 12,18,18) (S 56,12,18) (S 8,12,12) (S 51,18,12) (S 7,8,8) (S 29,12,8) (S 8,12,12) (S 29,8,12) (S 49,12,11) (S 30,11,10) (S 9,14,14) (S 45,10,14) (S 39,14,10) (S 11,16,16) (S 58,10,16) (D 0,1,1)
 0 1 4 19 34  21 (D 0,1,1) (S 1,2,2) (S 61,1,2) (S 63,2,1) (S 1,2,2) (S 61,1,2) (S 2,3,3) (S 50,2,3) (S 1,2,2) (S 47,3,2) (S 63,2,1) (S 27,1,31) (S 32,31,29) (S 32,29,31) (S 32,31,29) (S 59,29,28) (S 28,28,31) (S 32,31,29) (S 17,30,30) (S 64,29,30) (D 0,1,1)
 0 1 5 4 11  6 (D 0,1,1) (S 27,1,31) (S 28,31,28) (S 15,26,26) (S 41,28,26) (D 0,1,1)
 0 1 6 9 18  11 (D 0,1,1) (S 27,1,31) (S 4,5,5) (S 57,31,5) (S 34,5,10) (S 4,5,5) (S 48,10,5) (S 34,5,10) (S 11,16,16) (S 58,10,16) (D 0,1,1)
 0 1 7 58 133  60 (D 0,1,1) (S 27,1,31) (S 4,5,5) (S 57,31,5) (S 34,5,10) (S 9,14,14) (S 45,10,14) (S 39,14,10) (S 30,10,11) (S 8,12,12) (S 46,11,12) (S 12,18,18) (S 56,12,18) (S 8,12,12) (S 51,18,12) (S 7,8,8) (S 29,12,8) (S 8,12,12) (S 29,8,12) (S 49,12,11) (S 5,6,6) (S 42,11,6) (S 31,6,31) (S 27,31,1) (S 1,2,2) (S 61,1,2) (S 2,3,3) (S 50,2,3) (S 3,4,4) (S 20,3,4) (S 26,4,13) (S 13,19,19) (S 18,13,19) (S 23,19,21) (S 12,18,18) (S 53,21,18) (S 8,12,12) (S 51,18,12) (S 49,12,11) (S 5,6,6) (S 42,11,6) (S 31,6,31) (S 27,31,1) (S 1,2,2) (S 61,1,2) (S 2,3,3) (S 50,2,3) (S 3,4,4) (S 20,3,4) (S 26,4,13) (S 33,13,9) (S 33,9,13) (S 3,4,4) (S 26,13,4) (S 2,3,3) (S 20,4,3) (S 1,2,2) (S 47,3,2) (S 63,2,1) (D 0,1,1)
 0 1 8 29 85  31 (D 0,1,1) (S 1,2,2) (S 61,1,2) (S 2,3,3) (S 50,2,3) (S 3,4,4) (S 20,3,4) (S 26,4,13) (S 13,19,19) (S 18,13,19) (S 18,19,13) (S 13,19,19) (S 18,13,19) (S 35,19,22) (S 19,22,21) (S 19,21,22) (S 22,22,20) (S 22,20,22) (S 19,22,21) (S 13,19,19) (S 23,21,19) (S 18,19,13) (S 33,13,9) (S 3,4,4) (S 44,9,4) (S 2,3,3) (S 20,4,3) (S 1,2,2) (S 47,3,2) (S 63,2,1) (D 0,1,1)
