985
6
5468394
8842
 0 1 1 30 62  32 (D 0,1,1) (S 22,31,31) (S 32,1,31) (S 21,29,29) (S 34,31,29) (S 22,31,31) (S 34,29,31) (S 33,31,28) (S 22,31,31) (S 33,28,31) (S 35,31,6) (S 22,31,31) (S 35,6,31) (S 32,31,1) (S 1,2,2) (S 44,1,2) (S 37,2,1) (S 56,1,30) (S 41,30,1) (S 56,1,30) (S 21,29,29) (S 49,30,29) (S 22,31,31) (S 34,29,31) (S 35,31,6) (S 8,11,11) (S 54,6,11) (S 9,12,12) (S 43,11,12) (S 13,18,18) (S 55,12,18) (D 0,1,1)
 0 1 2 7 12  9 (D 0,1,1) (S 22,31,31) (S 32,1,31) (S 33,31,28) (S 19,26,26) (S 53,28,26) (S 20,27,27) (S 24,26,27) (D 0,1,1)
 0 1 3 21 46  23 (D 0,1,1) (S 22,31,31) (S 32,1,31) (S 35,31,6) (S 8,11,11) (S 54,6,11) (S 9,12,12) (S 43,11,12) (S 13,18,18) (S 55,12,18) (S 14,19,19) (S 60,18,19) (S 10,13,13) (S 25,19,13) (S 3,4,4) (S 26,13,4) (S 10,13,13) (S 26,4,13) (S 14,19,19) (S 25,13,19) (S 13,18,18) (S 59,19,18) (D 0,1,1)
 0 1 4 26 58  28 (D 0,1,1) (S 22,31,31) (S 32,1,31) (S 35,31,6) (S 4,5,5) (S 61,6,5) (S 22,31,31) (S 39,5,31) (S 35,31,6) (S 4,5,5) (S 61,6,5) (S 52,5,6) (S 8,11,11) (S 54,6,11) (S 9,12,12) (S 43,11,12) (S 8,11,11) (S 57,12,11) (S 9,12,12) (S 43,11,12) (S 13,18,18) (S 55,12,18) (S 15,21,21) (S 62,18,21) (S 30,21,22) (S 31,22,20) (S 31,20,22) (D 0,1,1)
 0 1 5 15 47  17 (D 0,1,1) (S 1,2,2) (S 44,1,2) (S 28,2,8) (S 1,2,2) (S 28,8,2) (S 28,2,8) (S 6,9,9) (S 23,8,9) (S 3,4,4) (S 50,9,4) (S 10,13,13) (S 26,4,13) (S 14,19,19) (S 25,13,19) (S 42,19,22) (D 0,1,1)
 0 1 6 10 30  12 (D 0,1,1) (S 1,2,2) (S 44,1,2) (S 28,2,8) (S 9,12,12) (S 27,8,12) (S 13,18,18) (S 55,12,18) (S 14,19,19) (S 60,18,19) (S 46,19,20) (D 0,1,1)
