4739
7
7466981
80804
 0 1 1 40 79  42 (D 0,1,1) (S 82,1,9) (S 7,14,14) (S 46,9,14) (S 14,23,23) (S 43,14,23) (S 18,29,29) (S 90,23,29) (S 19,30,30) (S 49,29,30) (S 10,17,17) (S 57,30,17) (S 20,31,31) (S 40,17,31) (S 95,31,32) (S 54,32,40) (S 54,40,32) (S 20,31,31) (S 112,32,31) (S 95,31,32) (S 114,32,19) (S 32,19,12) (S 91,12,7) (S 93,7,12) (S 5,11,11) (S 97,12,11) (S 103,11,12) (S 32,12,19) (S 78,19,32) (S 20,31,31) (S 112,32,31) (S 10,17,17) (S 40,31,17) (S 15,24,24) (S 36,17,24) (S 14,23,23) (S 85,24,23) (S 7,14,14) (S 43,23,14) (S 46,14,9) (S 60,9,1) (D 0,1,1)
 0 1 2 2 4  4 (D 0,1,1) (S 9,16,16) (S 94,1,16) (D 0,1,1)
 0 1 3 25 41  27 (D 0,1,1) (S 105,1,10) (S 10,17,17) (S 72,10,17) (S 19,30,30) (S 96,17,30) (S 15,24,24) (S 79,30,24) (S 8,15,15) (S 38,24,15) (S 14,23,23) (S 73,15,23) (S 15,24,24) (S 107,23,24) (S 10,17,17) (S 36,24,17) (S 15,24,24) (S 36,17,24) (S 14,23,23) (S 85,24,23) (S 7,14,14) (S 43,23,14) (S 8,15,15) (S 53,14,15) (S 9,16,16) (S 100,15,16) (D 0,1,1)
 0 1 4 57 96  59 (D 0,1,1) (S 82,1,9) (S 60,9,1) (S 82,1,9) (S 6,13,13) (S 76,9,13) (S 13,22,22) (S 66,13,22) (S 7,14,14) (S 58,22,14) (S 14,23,23) (S 43,14,23) (S 18,29,29) (S 90,23,29) (S 14,23,23) (S 61,29,23) (S 18,29,29) (S 90,23,29) (S 15,24,24) (S 69,29,24) (S 14,23,23) (S 85,24,23) (S 18,29,29) (S 90,23,29) (S 19,30,30) (S 49,29,30) (S 24,38,38) (S 34,30,38) (S 19,30,30) (S 34,38,30) (S 24,38,38) (S 34,30,38) (S 110,38,36) (S 44,36,44) (S 23,37,37) (S 64,44,37) (S 18,29,29) (S 102,37,29) (S 17,28,28) (S 47,29,28) (S 51,28,36) (S 24,38,38) (S 115,36,38) (S 110,38,36) (S 55,36,35) (S 55,35,36) (S 24,38,38) (S 115,36,38) (S 19,30,30) (S 34,38,30) (S 15,24,24) (S 79,30,24) (S 14,23,23) (S 85,24,23) (S 7,14,14) (S 43,23,14) (S 46,14,9) (S 60,9,1) (D 0,1,1)
 0 1 5 59 132  61 (D 0,1,1) (S 105,1,10) (S 5,11,11) (S 108,10,11) (S 103,11,12) (S 91,12,7) (S 93,7,12) (S 32,12,19) (S 32,19,12) (S 32,12,19) (S 78,19,32) (S 114,32,19) (S 32,19,12) (S 5,11,11) (S 97,12,11) (S 11,18,18) (S 48,11,18) (S 5,11,11) (S 48,18,11) (S 103,11,12) (S 91,12,7) (S 42,7,4) (S 42,4,7) (S 42,7,4) (S 2,3,3) (S 86,4,3) (S 4,6,6) (S 50,3,6) (S 3,5,5) (S 74,6,5) (S 4,6,6) (S 109,5,6) (S 2,3,3) (S 50,6,3) (S 68,3,4) (S 42,4,7) (S 93,7,12) (S 32,12,19) (S 78,19,32) (S 20,31,31) (S 112,32,31) (S 10,17,17) (S 40,31,17) (S 19,30,30) (S 96,17,30) (S 18,29,29) (S 49,30,29) (S 17,28,28) (S 47,29,28) (S 88,28,27) (S 17,28,28) (S 101,27,28) (S 18,29,29) (S 47,28,29) (S 14,23,23) (S 61,29,23) (S 7,14,14) (S 43,23,14) (S 46,14,9) (S 60,9,1) (D 0,1,1)
 0 1 6 49 98  51 (D 0,1,1) (S 82,1,9) (S 7,14,14) (S 46,9,14) (S 14,23,23) (S 43,14,23) (S 18,29,29) (S 90,23,29) (S 17,28,28) (S 47,29,28) (S 18,29,29) (S 47,28,29) (S 17,28,28) (S 47,29,28) (S 88,28,27) (S 113,27,35) (S 27,43,43) (S 80,35,43) (S 56,43,35) (S 55,35,36) (S 24,38,38) (S 115,36,38) (S 33,38,46) (S 24,38,38) (S 33,46,38) (S 33,38,46) (S 28,45,45) (S 67,46,45) (S 65,45,44) (S 27,43,43) (S 98,44,43) (S 29,48,48) (S 104,43,48) (S 30,49,49) (S 75,48,49) (S 29,48,48) (S 63,49,48) (S 28,45,45) (S 35,48,45) (S 65,45,44) (S 23,37,37) (S 64,44,37) (S 18,29,29) (S 102,37,29) (S 14,23,23) (S 61,29,23) (S 7,14,14) (S 43,23,14) (S 46,14,9) (S 60,9,1) (D 0,1,1)
 0 1 7 68 124  70 (D 0,1,1) (S 82,1,9) (S 7,14,14) (S 46,9,14) (S 14,23,23) (S 43,14,23) (S 18,29,29) (S 90,23,29) (S 19,30,30) (S 49,29,30) (S 24,38,38) (S 34,30,38) (S 33,38,46) (S 31,50,50) (S 37,46,50) (S 37,50,46) (S 28,45,45) (S 67,46,45) (S 29,48,48) (S 35,45,48) (S 28,45,45) (S 35,48,45) (S 29,48,48) (S 35,45,48) (S 30,49,49) (S 75,48,49) (S 29,48,48) (S 63,49,48) (S 28,45,45) (S 35,48,45) (S 65,45,44) (S 44,44,36) (S 17,28,28) (S 51,36,28) (S 88,28,27) (S 52,27,26) (S 22,34,34) (S 41,26,34) (S 106,34,35) (S 55,35,36) (S 17,28,28) (S 51,36,28) (S 88,28,27) (S 52,27,26) (S 52,26,27) (S 52,27,26) (S 16,25,25) (S 71,26,25) (S 59,25,26) (S 16,25,25) (S 71,26,25) (S 92,25,20) (S 12,21,21) (S 45,20,21) (S 45,21,20) (S 16,25,25) (S 83,20,25) (S 59,25,26) (S 52,26,27) (S 17,28,28) (S 101,27,28) (S 18,29,29) (S 47,28,29) (S 14,23,23) (S 61,29,23) (S 7,14,14) (S 43,23,14) (S 46,14,9) (S 60,9,1) (D 0,1,1)
