183
6
3462286
518
 0 1 1 3 8  5 (D 0,1,1) (S 7,1,5) (S 5,7,7) (S 11,5,7) (D 0,1,1)
 0 1 2 8 20  10 (D 0,1,1) (S 1,2,2) (S 8,1,2) (S 3,4,4) (S 9,2,4) (S 4,6,6) (S 16,4,6) (S 5,7,7) (S 12,6,7) (D 0,1,1)
 0 1 3 4 15  6 (D 0,1,1) (S 10,1,8) (S 6,8,5) (S 4,6,6) (S 18,5,6) (D 0,1,1)
 0 1 4 2 2  4 (D 0,1,1) (S 5,7,7) (S 14,1,7) (D 0,1,1)
 0 1 5 7 23  9 (D 0,1,1) (S 2,3,3) (S 17,1,3) (S 15,3,8) (S 6,8,5) (S 7,5,1) (S 4,6,6) (S 20,1,6) (D 0,1,1)
 0 1 6 13 46  15 (D 0,1,1) (S 1,2,2) (S 8,1,2) (S 13,2,8) (S 6,8,5) (S 7,5,1) (S 1,2,2) (S 8,1,2) (S 19,2,5) (S 7,5,1) (S 1,2,2) (S 8,1,2) (S 5,7,7) (S 21,2,7) (D 0,1,1)
