887
6
5641960
720
 0 1 1 6 33  8 (D 0,1,1) (S 8,1,2) (S 1,4,4) (S 10,2,4) (S 10,4,2) (S 5,9,9) (S 17,2,9) (D 0,1,1)
 0 1 2 7 49  9 (D 0,1,1) (S 5,9,9) (S 16,1,9) (S 6,10,10) (S 22,9,10) (S 24,10,11) (S 4,8,8) (S 9,11,8) (D 0,1,1)
 0 1 3 8 61  10 (D 0,1,1) (S 3,7,7) (S 18,1,7) (S 4,8,8) (S 14,7,8) (S 9,8,11) (S 4,8,8) (S 9,11,8) (S 7,8,6) (D 0,1,1)
 0 1 4 1 4  3 (D 0,1,1) (S 19,1,12) (D 0,1,1)
 0 1 5 7 47  9 (D 0,1,1) (S 8,1,2) (S 20,2,3) (S 2,5,5) (S 13,3,5) (S 11,5,6) (S 3,7,7) (S 12,6,7) (D 0,1,1)
 0 1 6 13 130  15 (D 0,1,1) (S 8,1,2) (S 20,2,3) (S 1,4,4) (S 15,3,4) (S 10,4,2) (S 20,2,3) (S 2,5,5) (S 13,3,5) (S 23,5,11) (S 4,8,8) (S 9,11,8) (S 7,8,6) (S 21,6,12) (D 0,1,1)
