1114
6
6078843
6972
 0 1 1 31 76  33 (D 0,1,1) (S 1,2,2) (S 43,1,2) (S 37,2,1) (S 1,2,2) (S 43,1,2) (S 2,3,3) (S 40,2,3) (S 1,2,2) (S 54,3,2) (S 2,3,3) (S 40,2,3) (S 27,3,9) (S 2,3,3) (S 27,9,3) (S 27,3,9) (S 10,13,13) (S 24,9,13) (S 24,13,9) (S 3,4,4) (S 38,9,4) (S 50,4,9) (S 29,9,8) (S 9,12,12) (S 23,8,12) (S 13,18,18) (S 49,12,18) (S 14,19,19) (S 48,18,19) (S 41,19,22) (S 16,21,21) (S 30,22,21) (D 0,1,1)
 0 1 2 18 45  20 (D 0,1,1) (S 1,2,2) (S 43,1,2) (S 2,3,3) (S 40,2,3) (S 27,3,9) (S 29,9,8) (S 29,8,9) (S 29,9,8) (S 9,12,12) (S 23,8,12) (S 8,11,11) (S 55,12,11) (S 5,6,6) (S 51,11,6) (S 22,31,31) (S 31,6,31) (S 4,5,5) (S 45,31,5) (D 0,1,1)
 0 1 3 20 50  22 (D 0,1,1) (S 1,2,2) (S 43,1,2) (S 2,3,3) (S 40,2,3) (S 27,3,9) (S 29,9,8) (S 9,12,12) (S 23,8,12) (S 13,18,18) (S 49,12,18) (S 14,19,19) (S 48,18,19) (S 13,18,18) (S 35,19,18) (S 14,19,19) (S 48,18,19) (S 41,19,22) (S 16,21,21) (S 30,22,21) (S 30,21,22) (D 0,1,1)
 0 1 4 47 83  49 (D 0,1,1) (S 1,2,2) (S 43,1,2) (S 2,3,3) (S 40,2,3) (S 27,3,9) (S 29,9,8) (S 9,12,12) (S 23,8,12) (S 8,11,11) (S 55,12,11) (S 7,10,10) (S 25,11,10) (S 8,11,11) (S 25,10,11) (S 7,10,10) (S 25,11,10) (S 11,16,16) (S 36,10,16) (S 34,16,15) (S 42,15,14) (S 39,14,15) (S 42,15,14) (S 7,10,10) (S 52,14,10) (S 44,10,14) (S 7,10,10) (S 52,14,10) (S 8,11,11) (S 25,10,11) (S 5,6,6) (S 51,11,6) (S 22,31,31) (S 31,6,31) (S 4,5,5) (S 45,31,5) (S 5,6,6) (S 56,5,6) (S 22,31,31) (S 31,6,31) (S 4,5,5) (S 45,31,5) (S 22,31,31) (S 57,5,31) (S 20,29,29) (S 28,31,29) (S 19,28,28) (S 53,29,28) (D 0,1,1)
 0 1 5 22 39  24 (D 0,1,1) (S 1,2,2) (S 43,1,2) (S 2,3,3) (S 40,2,3) (S 27,3,9) (S 29,9,8) (S 9,12,12) (S 23,8,12) (S 8,11,11) (S 55,12,11) (S 5,6,6) (S 51,11,6) (S 22,31,31) (S 31,6,31) (S 20,29,29) (S 28,31,29) (S 22,31,31) (S 28,29,31) (S 20,29,29) (S 28,31,29) (S 19,28,28) (S 53,29,28) (D 0,1,1)
 0 1 6 22 42  24 (D 0,1,1) (S 1,2,2) (S 43,1,2) (S 2,3,3) (S 40,2,3) (S 27,3,9) (S 29,9,8) (S 9,12,12) (S 23,8,12) (S 8,11,11) (S 55,12,11) (S 5,6,6) (S 51,11,6) (S 22,31,31) (S 31,6,31) (S 20,29,29) (S 28,31,29) (S 32,29,27) (S 20,29,29) (S 32,27,29) (S 32,29,27) (S 33,27,24) (S 33,24,27) (D 0,1,1)
