2976
6
5050378
7289
 0 1 1 11 34  13 (D 0,1,1) (S 5,7,7) (S 23,1,7) (S 4,6,6) (S 39,7,6) (S 53,6,11) (S 34,11,12) (S 13,18,18) (S 42,12,18) (S 37,18,12) (S 8,13,13) (S 50,12,13) (D 0,1,1)
 0 1 2 41 103  43 (D 0,1,1) (S 22,31,31) (S 27,1,31) (S 27,31,1) (S 5,7,7) (S 23,1,7) (S 4,6,6) (S 39,7,6) (S 53,6,11) (S 4,6,6) (S 46,11,6) (S 53,6,11) (S 7,10,10) (S 24,11,10) (S 24,10,11) (S 7,10,10) (S 24,11,10) (S 48,10,5) (S 4,6,6) (S 38,5,6) (S 53,6,11) (S 34,11,12) (S 47,12,11) (S 7,10,10) (S 24,11,10) (S 48,10,5) (S 7,10,10) (S 45,5,10) (S 48,10,5) (S 22,31,31) (S 54,5,31) (S 27,31,1) (S 5,7,7) (S 23,1,7) (S 4,6,6) (S 39,7,6) (S 53,6,11) (S 34,11,12) (S 8,13,13) (S 50,12,13) (S 3,4,4) (S 31,13,4) (D 0,1,1)
 0 1 3 31 97  33 (D 0,1,1) (S 5,7,7) (S 23,1,7) (S 4,6,6) (S 39,7,6) (S 53,6,11) (S 34,11,12) (S 13,18,18) (S 42,12,18) (S 14,19,19) (S 40,18,19) (S 28,19,21) (S 33,21,22) (S 33,22,21) (S 13,18,18) (S 51,21,18) (S 14,19,19) (S 40,18,19) (S 13,18,18) (S 36,19,18) (S 14,19,19) (S 40,18,19) (S 55,19,22) (S 33,22,21) (S 13,18,18) (S 51,21,18) (S 37,18,12) (S 30,12,8) (S 6,9,9) (S 32,8,9) (S 3,4,4) (S 44,9,4) (D 0,1,1)
 0 1 4 12 30  14 (D 0,1,1) (S 5,7,7) (S 23,1,7) (S 4,6,6) (S 39,7,6) (S 53,6,11) (S 34,11,12) (S 8,13,13) (S 50,12,13) (S 3,4,4) (S 31,13,4) (S 8,13,13) (S 31,4,13) (D 0,1,1)
 0 1 5 13 38  15 (D 0,1,1) (S 5,7,7) (S 23,1,7) (S 4,6,6) (S 39,7,6) (S 53,6,11) (S 34,11,12) (S 30,12,8) (S 6,9,9) (S 32,8,9) (S 2,3,3) (S 26,9,3) (S 1,2,2) (S 43,3,2) (D 0,1,1)
 0 1 6 26 87  28 (D 0,1,1) (S 5,7,7) (S 23,1,7) (S 4,6,6) (S 39,7,6) (S 53,6,11) (S 34,11,12) (S 30,12,8) (S 30,8,12) (S 13,18,18) (S 42,12,18) (S 14,19,19) (S 40,18,19) (S 55,19,22) (S 29,22,20) (S 29,20,22) (S 33,22,21) (S 13,18,18) (S 51,21,18) (S 37,18,12) (S 47,12,11) (S 7,10,10) (S 24,11,10) (S 48,10,5) (S 22,31,31) (S 54,5,31) (S 27,31,1) (D 0,1,1)
