313
6
6252981
390
 0 1 1 3 25  5 (D 0,1,1) (S 6,9,9) (S 11,1,9) (S 18,9,11) (D 0,1,1)
 0 1 2 2 19  4 (D 0,1,1) (S 7,10,10) (S 12,1,10) (D 0,1,1)
 0 1 3 8 82  10 (D 0,1,1) (S 13,1,4) (S 2,3,3) (S 8,4,3) (S 8,3,4) (S 2,3,3) (S 8,4,3) (S 3,5,5) (S 16,3,5) (D 0,1,1)
 0 1 4 3 7  5 (D 0,1,1) (S 14,1,12) (S 4,6,6) (S 9,12,6) (D 0,1,1)
 0 1 5 8 46  10 (D 0,1,1) (S 19,1,7) (S 5,8,8) (S 10,7,8) (S 10,8,7) (S 5,8,8) (S 10,7,8) (S 7,10,10) (S 20,8,10) (D 0,1,1)
 0 1 6 7 49  9 (D 0,1,1) (S 13,1,4) (S 2,3,3) (S 8,4,3) (S 3,5,5) (S 16,3,5) (S 4,6,6) (S 15,5,6) (D 0,1,1)
