335
9
7469837
1842
 0 1 1 1 3  3 (D 0,1,1) (S 16,1,10) (D 0,1,1)
 0 1 2 3 2  5 (D 0,1,1) (S 2,3,3) (S 18,1,3) (S 17,3,10) (D 0,1,1)
 0 1 3 12 30  14 (D 0,1,1) (S 7,8,8) (S 22,1,8) (S 5,6,6) (S 11,8,6) (S 7,8,8) (S 11,6,8) (S 4,5,5) (S 13,8,5) (S 6,7,7) (S 14,5,7) (S 8,9,9) (S 12,7,9) (D 0,1,1)
 0 1 4 1 3  3 (D 0,1,1) (S 26,1,11) (D 0,1,1)
 0 1 5 3 3  5 (D 0,1,1) (S 6,7,7) (S 28,1,7) (S 29,7,10) (D 0,1,1)
 0 1 6 7 18  9 (D 0,1,1) (S 5,6,6) (S 32,1,6) (S 7,8,8) (S 11,6,8) (S 4,5,5) (S 13,8,5) (S 23,5,11) (D 0,1,1)
 0 1 7 17 40  19 (D 0,1,1) (S 2,3,3) (S 18,1,3) (S 6,7,7) (S 19,3,7) (S 8,9,9) (S 12,7,9) (S 6,7,7) (S 12,9,7) (S 8,9,9) (S 12,7,9) (S 3,4,4) (S 9,9,4) (S 6,7,7) (S 10,4,7) (S 4,5,5) (S 14,7,5) (S 33,5,10) (D 0,1,1)
 0 1 8 11 33  13 (D 0,1,1) (S 2,3,3) (S 18,1,3) (S 3,4,4) (S 25,3,4) (S 4,5,5) (S 21,4,5) (S 6,7,7) (S 14,5,7) (S 8,9,9) (S 12,7,9) (S 20,9,10) (D 0,1,1)
 0 1 9 5 10  7 (D 0,1,1) (S 2,3,3) (S 18,1,3) (S 3,4,4) (S 25,3,4) (S 31,4,11) (D 0,1,1)
