1394
7
3237877
30604
 0 1 1 14 40  16 (D 0,1,1) (S 36,1,33) (S 30,33,34) (S 24,34,27) (S 17,28,28) (S 63,27,28) (S 40,28,35) (S 23,35,36) (S 81,36,37) (S 2,3,3) (S 41,37,3) (S 5,7,7) (S 21,3,7) (S 9,13,13) (S 39,7,13) (D 0,1,1)
 0 1 2 18 62  20 (D 0,1,1) (S 38,1,10) (S 59,10,9) (S 6,8,8) (S 50,9,8) (S 53,8,9) (S 70,9,10) (S 59,10,9) (S 6,8,8) (S 50,9,8) (S 84,8,40) (S 49,40,1) (S 37,1,35) (S 56,35,34) (S 46,34,35) (S 37,35,1) (S 1,2,2) (S 52,1,2) (S 83,2,1) (D 0,1,1)
 0 1 3 28 68  30 (D 0,1,1) (S 4,6,6) (S 29,1,6) (S 8,12,12) (S 65,6,12) (S 4,6,6) (S 62,12,6) (S 8,12,12) (S 65,6,12) (S 7,11,11) (S 74,12,11) (S 67,11,1) (S 45,1,40) (S 49,40,1) (S 6,8,8) (S 61,1,8) (S 84,8,40) (S 49,40,1) (S 7,11,11) (S 75,1,11) (S 31,11,16) (S 7,11,11) (S 31,16,11) (S 31,11,16) (S 69,16,10) (S 38,10,1) (S 1,2,2) (S 52,1,2) (S 83,2,1) (D 0,1,1)
 0 1 4 13 17  15 (D 0,1,1) (S 1,2,2) (S 52,1,2) (S 19,2,36) (S 1,2,2) (S 19,36,2) (S 2,3,3) (S 76,2,3) (S 5,7,7) (S 21,3,7) (S 9,13,13) (S 39,7,13) (S 5,7,7) (S 39,13,7) (D 0,1,1)
 0 1 5 31 90  33 (D 0,1,1) (S 1,2,2) (S 52,1,2) (S 83,2,1) (S 36,1,33) (S 16,26,26) (S 43,33,26) (S 34,26,27) (S 24,27,34) (S 46,34,35) (S 17,28,28) (S 57,35,28) (S 40,28,35) (S 37,35,1) (S 7,11,11) (S 75,1,11) (S 31,11,16) (S 10,15,15) (S 71,16,15) (S 47,15,9) (S 70,9,10) (S 38,10,1) (S 4,6,6) (S 29,1,6) (S 8,12,12) (S 65,6,12) (S 32,12,17) (S 8,12,12) (S 32,17,12) (S 32,12,17) (S 9,13,13) (S 58,17,13) (D 0,1,1)
 0 1 6 22 62  24 (D 0,1,1) (S 1,2,2) (S 52,1,2) (S 19,2,36) (S 81,36,37) (S 72,37,36) (S 81,36,37) (S 73,37,30) (S 66,30,31) (S 60,31,30) (S 66,30,31) (S 79,31,37) (S 82,37,38) (S 22,38,31) (S 22,31,38) (S 54,38,37) (S 82,37,38) (S 55,38,39) (S 77,39,5) (S 3,4,4) (S 42,5,4) (S 2,3,3) (S 85,4,3) (D 0,1,1)
 0 1 7 30 90  32 (D 0,1,1) (S 7,11,11) (S 75,1,11) (S 31,11,16) (S 10,15,15) (S 71,16,15) (S 27,15,14) (S 10,15,15) (S 27,14,15) (S 47,15,9) (S 70,9,10) (S 38,10,1) (S 1,2,2) (S 52,1,2) (S 19,2,36) (S 81,36,37) (S 82,37,38) (S 55,38,39) (S 78,39,38) (S 55,38,39) (S 33,39,32) (S 33,32,39) (S 77,39,5) (S 51,5,39) (S 33,39,32) (S 64,32,31) (S 79,31,37) (S 72,37,36) (S 1,2,2) (S 19,36,2) (S 83,2,1) (D 0,1,1)
