304
7
6609122
2511
 0 1 1 11 43  13 (D 0,1,1) (S 6,7,7) (S 10,1,7) (S 7,9,9) (S 22,7,9) (S 9,9,8) (S 7,9,9) (S 9,8,9) (S 9,9,8) (S 4,5,5) (S 11,8,5) (S 35,5,11) (D 0,1,1)
 0 1 2 37 57  39 (D 0,1,1) (S 24,1,8) (S 4,5,5) (S 11,8,5) (S 8,10,10) (S 12,5,10) (S 6,7,7) (S 14,10,7) (S 2,3,3) (S 15,7,3) (S 6,7,7) (S 15,3,7) (S 2,3,3) (S 15,7,3) (S 8,10,10) (S 17,3,10) (S 5,6,6) (S 13,10,6) (S 6,7,7) (S 18,6,7) (S 10,7,1) (S 4,5,5) (S 25,1,5) (S 8,10,10) (S 12,5,10) (S 6,7,7) (S 14,10,7) (S 10,7,1) (S 7,9,9) (S 27,1,9) (S 9,9,8) (S 4,5,5) (S 11,8,5) (S 8,10,10) (S 12,5,10) (S 6,7,7) (S 14,10,7) (S 10,7,1) (D 0,1,1)
 0 1 3 20 50  22 (D 0,1,1) (S 3,4,4) (S 31,1,4) (S 6,7,7) (S 19,4,7) (S 2,3,3) (S 15,7,3) (S 7,9,9) (S 20,3,9) (S 9,9,8) (S 4,5,5) (S 11,8,5) (S 8,10,10) (S 12,5,10) (S 4,5,5) (S 12,10,5) (S 8,10,10) (S 12,5,10) (S 6,7,7) (S 14,10,7) (S 10,7,1) (D 0,1,1)
 0 1 4 3 9  5 (D 0,1,1) (S 2,3,3) (S 32,1,3) (S 21,3,11) (D 0,1,1)
 0 1 5 1 3  3 (D 0,1,1) (S 36,1,11) (D 0,1,1)
 0 1 6 26 50  28 (D 0,1,1) (S 2,3,3) (S 32,1,3) (S 4,5,5) (S 28,3,5) (S 8,10,10) (S 12,5,10) (S 6,7,7) (S 14,10,7) (S 10,7,1) (S 3,4,4) (S 31,1,4) (S 5,6,6) (S 29,4,6) (S 7,9,9) (S 23,6,9) (S 9,9,8) (S 4,5,5) (S 11,8,5) (S 8,10,10) (S 12,5,10) (S 6,7,7) (S 14,10,7) (S 10,7,1) (S 3,4,4) (S 31,1,4) (S 30,4,11) (D 0,1,1)
 0 1 7 7 13  9 (D 0,1,1) (S 3,4,4) (S 31,1,4) (S 8,10,10) (S 33,4,10) (S 6,7,7) (S 14,10,7) (S 10,7,1) (D 0,1,1)
