54
8
8052484
974
 0 1 1 6 5  8 (D 0,1,1) (S 1,2,2) (S 11,1,2) (S 2,3,3) (S 12,2,3) (S 9,10,10) (S 22,3,10) (D 0,1,1)
 0 1 2 8 20  10 (D 0,1,1) (S 2,3,3) (S 15,1,3) (S 4,5,5) (S 27,3,5) (S 6,7,7) (S 14,5,7) (S 9,10,10) (S 17,7,10) (D 0,1,1)
 0 1 3 5 6  7 (D 0,1,1) (S 18,1,11) (S 6,7,7) (S 10,11,7) (S 7,8,8) (S 25,7,8) (D 0,1,1)
 0 1 4 2 3  4 (D 0,1,1) (S 6,7,7) (S 19,1,7) (D 0,1,1)
 0 1 5 2 2  4 (D 0,1,1) (S 7,8,8) (S 23,1,8) (D 0,1,1)
 0 1 6 4 2  6 (D 0,1,1) (S 1,2,2) (S 11,1,2) (S 7,8,8) (S 21,2,8) (D 0,1,1)
 0 1 7 4 5  6 (D 0,1,1) (S 1,2,2) (S 11,1,2) (S 4,5,5) (S 26,2,5) (D 0,1,1)
 0 1 8 5 8  7 (D 0,1,1) (S 1,2,2) (S 11,1,2) (S 2,3,3) (S 12,2,3) (S 28,3,11) (D 0,1,1)
