483
6
3505623
4038
 0 1 1 5 13  7 (D 0,1,1) (S 24,1,20) (S 14,21,21) (S 28,20,21) (S 15,23,23) (S 16,21,23) (D 0,1,1)
 0 1 2 19 55  21 (D 0,1,1) (S 20,1,5) (S 29,5,4) (S 44,4,5) (S 3,6,6) (S 37,5,6) (S 19,6,11) (S 21,11,5) (S 1,2,2) (S 17,5,2) (S 17,2,5) (S 1,2,2) (S 17,5,2) (S 26,2,10) (S 1,2,2) (S 40,10,2) (S 17,2,5) (S 20,5,1) (S 13,19,19) (S 30,1,19) (D 0,1,1)
 0 1 3 5 11  7 (D 0,1,1) (S 13,19,19) (S 30,1,19) (S 36,19,22) (S 15,23,23) (S 22,22,23) (D 0,1,1)
 0 1 4 6 31  8 (D 0,1,1) (S 33,1,11) (S 3,6,6) (S 19,11,6) (S 19,6,11) (S 46,11,1) (S 34,1,9) (D 0,1,1)
 0 1 5 4 13  6 (D 0,1,1) (S 34,1,9) (S 13,19,19) (S 32,9,19) (S 43,19,9) (D 0,1,1)
 0 1 6 12 40  14 (D 0,1,1) (S 24,1,20) (S 9,15,15) (S 31,20,15) (S 39,15,20) (S 24,20,1) (S 20,1,5) (S 29,5,4) (S 2,3,3) (S 23,4,3) (S 23,3,4) (S 44,4,5) (S 20,5,1) (D 0,1,1)
