810
7
4664857
19390
 0 1 1 3 10  5 (D 0,1,1) (S 22,1,35) (S 18,34,34) (S 53,35,34) (D 0,1,1)
 0 1 2 54 113  56 (D 0,1,1) (S 5,10,10) (S 27,1,10) (S 51,10,9) (S 5,10,10) (S 43,9,10) (S 51,10,9) (S 8,15,15) (S 49,9,15) (S 60,15,14) (S 79,14,8) (S 37,8,1) (S 46,1,6) (S 1,2,2) (S 38,6,2) (S 2,3,3) (S 44,2,3) (S 20,37,37) (S 31,3,37) (S 33,37,38) (S 20,37,37) (S 33,38,37) (S 16,31,31) (S 68,37,31) (S 20,37,37) (S 71,31,37) (S 2,3,3) (S 31,37,3) (S 1,2,2) (S 64,3,2) (S 19,36,36) (S 48,2,36) (S 20,37,37) (S 74,36,37) (S 33,37,38) (S 3,4,4) (S 32,38,4) (S 32,4,38) (S 3,4,4) (S 32,38,4) (S 2,3,3) (S 50,4,3) (S 20,37,37) (S 31,3,37) (S 16,31,31) (S 68,37,31) (S 15,30,30) (S 24,31,30) (S 16,31,31) (S 24,30,31) (S 15,30,30) (S 24,31,30) (S 75,30,29) (S 19,36,36) (S 55,29,36) (D 0,1,1)
 0 1 3 2 3  4 (D 0,1,1) (S 6,11,11) (S 63,1,11) (D 0,1,1)
 0 1 4 7 23  9 (D 0,1,1) (S 46,1,6) (S 40,6,7) (S 57,7,6) (S 65,6,1) (S 37,1,8) (S 21,40,40) (S 47,8,40) (D 0,1,1)
 0 1 5 8 36  10 (D 0,1,1) (S 22,1,35) (S 56,35,28) (S 14,27,27) (S 42,28,27) (S 41,27,28) (S 78,28,35) (S 19,36,36) (S 58,35,36) (D 0,1,1)
 0 1 6 29 82  31 (D 0,1,1) (S 37,1,8) (S 59,8,14) (S 79,14,8) (S 66,8,9) (S 8,15,15) (S 49,9,15) (S 23,15,16) (S 8,15,15) (S 23,16,15) (S 60,15,14) (S 79,14,8) (S 37,8,1) (S 46,1,6) (S 7,12,12) (S 30,6,12) (S 30,12,6) (S 40,6,7) (S 34,7,13) (S 34,13,7) (S 34,7,13) (S 7,12,12) (S 54,13,12) (S 30,12,6) (S 40,6,7) (S 34,7,13) (S 36,13,18) (S 35,18,22) (S 12,25,25) (S 67,22,25) (D 0,1,1)
 0 1 7 14 41  16 (D 0,1,1) (S 46,1,6) (S 40,6,7) (S 34,7,13) (S 28,13,17) (S 29,17,18) (S 36,18,13) (S 28,13,17) (S 28,17,13) (S 36,13,18) (S 69,18,19) (S 26,19,13) (S 34,13,7) (S 57,7,6) (S 65,6,1) (D 0,1,1)
