3264
8
12433803
9919
 0 1 1 2 46  4 (D 0,1,1) (S 31,1,2) (S 32,2,3) (D 0,1,1)
 0 1 2 4 113  6 (D 0,1,1) (S 31,1,2) (S 33,2,4) (S 34,4,5) (S 35,5,6) (D 0,1,1)
 0 1 3 3 124  5 (D 0,1,1) (S 31,1,2) (S 33,2,4) (S 112,4,69) (D 0,1,1)
 0 1 4 16 261  18 (D 0,1,1) (S 31,1,2) (S 33,2,4) (S 34,4,5) (S 36,5,7) (S 3,8,8) (S 37,7,8) (S 24,9,9) (S 38,8,9) (S 39,9,10) (S 40,10,11) (S 20,12,12) (S 41,11,12) (S 10,76,76) (S 121,12,76) (S 12,77,77) (S 124,76,77) (D 0,1,1)
 0 1 5 12 266  14 (D 0,1,1) (S 31,1,2) (S 33,2,4) (S 34,4,5) (S 36,5,7) (S 3,8,8) (S 37,7,8) (S 24,9,9) (S 38,8,9) (S 39,9,10) (S 40,10,11) (S 19,48,48) (S 86,11,48) (D 0,1,1)
 0 1 6 13 276  15 (D 0,1,1) (S 31,1,2) (S 33,2,4) (S 34,4,5) (S 36,5,7) (S 3,8,8) (S 37,7,8) (S 24,9,9) (S 38,8,9) (S 39,9,10) (S 40,10,11) (S 17,59,59) (S 101,11,59) (S 111,59,69) (D 0,1,1)
 0 1 7 14 248  16 (D 0,1,1) (S 31,1,2) (S 33,2,4) (S 34,4,5) (S 36,5,7) (S 3,8,8) (S 37,7,8) (S 24,9,9) (S 38,8,9) (S 39,9,10) (S 40,10,11) (S 20,12,12) (S 41,11,12) (S 21,16,16) (S 42,12,16) (D 0,1,1)
 0 1 8 16 261  18 (D 0,1,1) (S 31,1,2) (S 33,2,4) (S 34,4,5) (S 36,5,7) (S 3,8,8) (S 37,7,8) (S 24,9,9) (S 38,8,9) (S 39,9,10) (S 40,10,11) (S 20,12,12) (S 41,11,12) (S 10,76,76) (S 121,12,76) (S 12,77,77) (S 124,76,77) (D 0,1,1)
