3165
6
7693679
29261
 0 1 1 51 140  53 (D 0,1,1) (S 54,1,2) (S 1,3,3) (S 38,2,3) (S 2,4,4) (S 35,3,4) (S 5,10,10) (S 41,4,10) (S 62,10,11) (S 49,11,17) (S 52,17,11) (S 67,11,12) (S 3,6,6) (S 51,12,6) (S 27,6,5) (S 3,6,6) (S 27,5,6) (S 27,6,5) (S 82,5,11) (S 5,10,10) (S 77,11,10) (S 2,4,4) (S 71,10,4) (S 5,10,10) (S 41,4,10) (S 62,10,11) (S 81,11,5) (S 82,5,11) (S 49,11,17) (S 10,18,18) (S 59,17,18) (S 36,18,22) (S 12,21,21) (S 40,22,21) (S 16,27,27) (S 44,21,27) (S 19,33,33) (S 46,27,33) (S 16,27,27) (S 39,33,27) (S 15,26,26) (S 29,27,26) (S 16,27,27) (S 29,26,27) (S 15,26,26) (S 29,27,26) (S 14,25,25) (S 42,26,25) (S 15,26,26) (S 69,25,26) (S 11,19,19) (S 63,26,19) (D 0,1,1)
 0 1 2 2 5  4 (D 0,1,1) (S 4,7,7) (S 65,1,7) (D 0,1,1)
 0 1 3 17 25  19 (D 0,1,1) (S 54,1,2) (S 50,2,1) (S 54,1,2) (S 1,3,3) (S 38,2,3) (S 33,3,9) (S 1,3,3) (S 33,9,3) (S 33,3,9) (S 58,9,8) (S 32,8,2) (S 1,3,3) (S 38,2,3) (S 33,3,9) (S 58,9,8) (S 4,7,7) (S 72,8,7) (D 0,1,1)
 0 1 4 30 67  32 (D 0,1,1) (S 54,1,2) (S 1,3,3) (S 38,2,3) (S 33,3,9) (S 58,9,8) (S 83,8,9) (S 1,3,3) (S 33,9,3) (S 2,4,4) (S 35,3,4) (S 5,10,10) (S 41,4,10) (S 62,10,11) (S 49,11,17) (S 60,17,20) (S 16,27,27) (S 66,20,27) (S 15,26,26) (S 29,27,26) (S 14,25,25) (S 42,26,25) (S 37,25,24) (S 14,25,25) (S 37,24,25) (S 37,25,24) (S 13,23,23) (S 30,24,23) (S 90,23,29) (S 17,30,30) (S 31,29,30) (D 0,1,1)
 0 1 5 22 64  24 (D 0,1,1) (S 54,1,2) (S 1,3,3) (S 38,2,3) (S 2,4,4) (S 35,3,4) (S 5,10,10) (S 41,4,10) (S 62,10,11) (S 49,11,17) (S 60,17,20) (S 88,20,17) (S 52,17,11) (S 67,11,12) (S 86,12,11) (S 49,11,17) (S 9,16,16) (S 34,17,16) (S 34,16,17) (S 9,16,16) (S 34,17,16) (S 11,19,19) (S 57,16,19) (D 0,1,1)
 0 1 6 58 171  60 (D 0,1,1) (S 54,1,2) (S 1,3,3) (S 38,2,3) (S 2,4,4) (S 35,3,4) (S 5,10,10) (S 41,4,10) (S 62,10,11) (S 49,11,17) (S 9,16,16) (S 34,17,16) (S 75,16,11) (S 49,11,17) (S 10,18,18) (S 59,17,18) (S 36,18,22) (S 70,22,28) (S 16,27,27) (S 68,28,27) (S 15,26,26) (S 29,27,26) (S 14,25,25) (S 42,26,25) (S 37,25,24) (S 7,14,14) (S 45,24,14) (S 55,14,9) (S 1,3,3) (S 33,9,3) (S 2,4,4) (S 35,3,4) (S 5,10,10) (S 41,4,10) (S 62,10,11) (S 49,11,17) (S 10,18,18) (S 59,17,18) (S 36,18,22) (S 12,21,21) (S 40,22,21) (S 47,21,20) (S 88,20,17) (S 10,18,18) (S 59,17,18) (S 36,18,22) (S 70,22,28) (S 74,28,22) (S 12,21,21) (S 40,22,21) (S 16,27,27) (S 44,21,27) (S 15,26,26) (S 29,27,26) (S 14,25,25) (S 42,26,25) (S 37,25,24) (S 17,30,30) (S 78,24,30) (D 0,1,1)
