633
6
11783078
396
 0 1 1 5 36  7 (D 0,1,1) (S 14,1,2) (S 1,3,3) (S 12,2,3) (S 3,5,5) (S 17,3,5) (D 0,1,1)
 0 1 2 2 19  4 (D 0,1,1) (S 5,7,7) (S 16,1,7) (D 0,1,1)
 0 1 3 1 4  3 (D 0,1,1) (S 18,1,12) (D 0,1,1)
 0 1 4 3 22  5 (D 0,1,1) (S 14,1,2) (S 2,4,4) (S 13,2,4) (D 0,1,1)
 0 1 5 12 72  14 (D 0,1,1) (S 14,1,2) (S 7,9,9) (S 11,2,9) (S 11,9,2) (S 1,3,3) (S 12,2,3) (S 3,5,5) (S 17,3,5) (S 9,11,11) (S 20,5,11) (S 8,10,10) (S 10,11,10) (D 0,1,1)
 0 1 6 11 80  13 (D 0,1,1) (S 14,1,2) (S 1,3,3) (S 12,2,3) (S 3,5,5) (S 17,3,5) (S 9,11,11) (S 20,5,11) (S 8,10,10) (S 10,11,10) (S 9,11,11) (S 10,10,11) (D 0,1,1)
