128
6
7303538
1084
 0 1 1 7 13  9 (D 0,1,1) (S 11,1,9) (S 7,10,10) (S 13,9,10) (S 6,8,8) (S 12,10,8) (S 7,10,10) (S 12,8,10) (D 0,1,1)
 0 1 2 1 1  3 (D 0,1,1) (S 17,1,11) (D 0,1,1)
 0 1 3 7 26  9 (D 0,1,1) (S 5,7,7) (S 18,1,7) (S 20,7,9) (S 11,9,1) (S 26,1,6) (S 7,10,10) (S 19,6,10) (D 0,1,1)
 0 1 4 8 12  10 (D 0,1,1) (S 1,2,2) (S 27,1,2) (S 4,5,5) (S 10,2,5) (S 5,7,7) (S 9,5,7) (S 6,8,8) (S 24,7,8) (D 0,1,1)
 0 1 5 19 47  21 (D 0,1,1) (S 1,2,2) (S 27,1,2) (S 3,4,4) (S 8,2,4) (S 15,4,9) (S 11,9,1) (S 1,2,2) (S 27,1,2) (S 14,2,9) (S 11,9,1) (S 1,2,2) (S 27,1,2) (S 25,2,6) (S 21,6,9) (S 11,9,1) (S 1,2,2) (S 27,1,2) (S 25,2,6) (S 23,6,11) (D 0,1,1)
 0 1 6 7 23  9 (D 0,1,1) (S 1,2,2) (S 27,1,2) (S 25,2,6) (S 5,7,7) (S 22,6,7) (S 20,7,9) (S 11,9,1) (D 0,1,1)
