3558
6
8051218
19992
 0 1 1 22 66  24 (D 0,1,1) (S 36,1,2) (S 6,9,9) (S 54,2,9) (S 52,9,2) (S 1,3,3) (S 72,2,3) (S 7,10,10) (S 26,3,10) (S 1,3,3) (S 26,10,3) (S 7,10,10) (S 26,3,10) (S 29,10,19) (S 37,19,18) (S 37,18,19) (S 37,19,18) (S 11,15,15) (S 61,18,15) (S 6,9,9) (S 41,15,9) (S 52,9,2) (S 36,2,1) (D 0,1,1)
 0 1 2 45 134  47 (D 0,1,1) (S 2,5,5) (S 40,1,5) (S 40,5,1) (S 36,1,2) (S 6,9,9) (S 54,2,9) (S 11,15,15) (S 67,9,15) (S 6,9,9) (S 41,15,9) (S 7,10,10) (S 69,9,10) (S 29,10,19) (S 37,19,18) (S 11,15,15) (S 61,18,15) (S 33,15,14) (S 11,15,15) (S 33,14,15) (S 33,15,14) (S 5,8,8) (S 48,14,8) (S 6,9,9) (S 30,8,9) (S 5,8,8) (S 30,9,8) (S 46,8,14) (S 13,17,17) (S 71,14,17) (S 16,22,22) (S 23,17,22) (S 17,25,25) (S 24,22,25) (S 22,30,30) (S 59,25,30) (S 18,26,26) (S 25,30,26) (S 64,26,23) (S 58,23,18) (S 11,15,15) (S 61,18,15) (S 6,9,9) (S 41,15,9) (S 52,9,2) (S 36,2,1) (D 0,1,1)
 0 1 3 68 156  70 (D 0,1,1) (S 36,1,2) (S 6,9,9) (S 54,2,9) (S 5,8,8) (S 30,9,8) (S 10,13,13) (S 68,8,13) (S 5,8,8) (S 56,13,8) (S 46,8,14) (S 10,13,13) (S 62,14,13) (S 9,12,12) (S 35,13,12) (S 10,13,13) (S 35,12,13) (S 5,8,8) (S 56,13,8) (S 46,8,14) (S 13,17,17) (S 71,14,17) (S 16,22,22) (S 23,17,22) (S 21,29,29) (S 44,22,29) (S 16,22,22) (S 45,29,22) (S 17,25,25) (S 24,22,25) (S 16,22,22) (S 24,25,22) (S 17,25,25) (S 24,22,25) (S 22,30,30) (S 59,25,30) (S 17,25,25) (S 65,30,25) (S 22,30,30) (S 59,25,30) (S 18,26,26) (S 25,30,26) (S 22,30,30) (S 25,26,30) (S 17,25,25) (S 65,30,25) (S 16,22,22) (S 24,25,22) (S 21,29,29) (S 44,22,29) (S 15,21,21) (S 55,29,21) (S 20,28,28) (S 31,21,28) (S 28,28,24) (S 19,27,27) (S 34,24,27) (S 14,20,20) (S 27,27,20) (S 12,16,16) (S 51,20,16) (S 10,13,13) (S 43,16,13) (S 5,8,8) (S 56,13,8) (S 6,9,9) (S 30,8,9) (S 52,9,2) (S 36,2,1) (D 0,1,1)
 0 1 4 59 177  61 (D 0,1,1) (S 36,1,2) (S 6,9,9) (S 54,2,9) (S 11,15,15) (S 67,9,15) (S 33,15,14) (S 13,17,17) (S 71,14,17) (S 10,13,13) (S 42,17,13) (S 5,8,8) (S 56,13,8) (S 46,8,14) (S 13,17,17) (S 71,14,17) (S 16,22,22) (S 23,17,22) (S 17,25,25) (S 24,22,25) (S 22,30,30) (S 59,25,30) (S 18,26,26) (S 25,30,26) (S 64,26,23) (S 58,23,18) (S 11,15,15) (S 61,18,15) (S 33,15,14) (S 13,17,17) (S 71,14,17) (S 16,22,22) (S 23,17,22) (S 21,29,29) (S 44,22,29) (S 15,21,21) (S 55,29,21) (S 21,29,29) (S 63,21,29) (S 15,21,21) (S 55,29,21) (S 73,21,24) (S 19,27,27) (S 34,24,27) (S 14,20,20) (S 27,27,20) (S 12,16,16) (S 51,20,16) (S 8,11,11) (S 50,16,11) (S 12,16,16) (S 57,11,16) (S 10,13,13) (S 43,16,13) (S 5,8,8) (S 56,13,8) (S 6,9,9) (S 30,8,9) (S 52,9,2) (S 36,2,1) (D 0,1,1)
 0 1 5 65 206  67 (D 0,1,1) (S 36,1,2) (S 6,9,9) (S 54,2,9) (S 11,15,15) (S 67,9,15) (S 33,15,14) (S 13,17,17) (S 71,14,17) (S 16,22,22) (S 23,17,22) (S 17,25,25) (S 24,22,25) (S 22,30,30) (S 59,25,30) (S 18,26,26) (S 25,30,26) (S 64,26,23) (S 16,22,22) (S 75,23,22) (S 21,29,29) (S 44,22,29) (S 15,21,21) (S 55,29,21) (S 73,21,24) (S 20,28,28) (S 28,24,28) (S 15,21,21) (S 31,28,21) (S 12,16,16) (S 39,21,16) (S 15,21,21) (S 39,16,21) (S 12,16,16) (S 39,21,16) (S 10,13,13) (S 43,16,13) (S 5,8,8) (S 56,13,8) (S 46,8,14) (S 13,17,17) (S 71,14,17) (S 16,22,22) (S 23,17,22) (S 21,29,29) (S 44,22,29) (S 15,21,21) (S 55,29,21) (S 12,16,16) (S 39,21,16) (S 8,11,11) (S 50,16,11) (S 14,20,20) (S 38,11,20) (S 15,21,21) (S 70,20,21) (S 12,16,16) (S 39,21,16) (S 10,13,13) (S 43,16,13) (S 5,8,8) (S 56,13,8) (S 6,9,9) (S 30,8,9) (S 52,9,2) (S 36,2,1) (D 0,1,1)
 0 1 6 45 139  47 (D 0,1,1) (S 36,1,2) (S 6,9,9) (S 54,2,9) (S 11,15,15) (S 67,9,15) (S 33,15,14) (S 13,17,17) (S 71,14,17) (S 16,22,22) (S 23,17,22) (S 21,29,29) (S 44,22,29) (S 15,21,21) (S 55,29,21) (S 12,16,16) (S 39,21,16) (S 9,12,12) (S 53,16,12) (S 10,13,13) (S 35,12,13) (S 5,8,8) (S 56,13,8) (S 46,8,14) (S 13,17,17) (S 71,14,17) (S 16,22,22) (S 23,17,22) (S 21,29,29) (S 44,22,29) (S 15,21,21) (S 55,29,21) (S 12,16,16) (S 39,21,16) (S 8,11,11) (S 50,16,11) (S 12,16,16) (S 57,11,16) (S 10,13,13) (S 43,16,13) (S 5,8,8) (S 56,13,8) (S 6,9,9) (S 30,8,9) (S 52,9,2) (S 36,2,1) (D 0,1,1)
