1297
7
4399562
19478
 0 1 1 34 57  36 (D 0,1,1) (S 6,10,10) (S 38,1,10) (S 13,17,17) (S 44,10,17) (S 6,10,10) (S 44,17,10) (S 38,10,1) (S 5,9,9) (S 54,1,9) (S 54,9,1) (S 11,15,15) (S 73,1,15) (S 19,24,24) (S 43,15,24) (S 11,15,15) (S 43,24,15) (S 19,24,24) (S 43,15,24) (S 13,17,17) (S 57,24,17) (S 78,17,18) (S 7,11,11) (S 75,18,11) (S 3,6,6) (S 42,11,6) (S 7,11,11) (S 42,6,11) (S 88,11,18) (S 13,17,17) (S 76,18,17) (S 24,30,30) (S 93,17,30) (S 23,29,29) (S 85,30,29) (D 0,1,1)
 0 1 2 2 4  4 (D 0,1,1) (S 12,16,16) (S 89,1,16) (D 0,1,1)
 0 1 3 19 33  21 (D 0,1,1) (S 11,15,15) (S 73,1,15) (S 19,24,24) (S 43,15,24) (S 18,23,23) (S 62,24,23) (S 17,22,22) (S 74,23,22) (S 9,13,13) (S 90,22,13) (S 5,9,9) (S 94,13,9) (S 54,9,1) (S 11,15,15) (S 73,1,15) (S 19,24,24) (S 43,15,24) (S 24,30,30) (S 82,24,30) (D 0,1,1)
 0 1 4 12 14  14 (D 0,1,1) (S 11,15,15) (S 73,1,15) (S 19,24,24) (S 43,15,24) (S 18,23,23) (S 62,24,23) (S 19,24,24) (S 77,23,24) (S 18,23,23) (S 62,24,23) (S 22,28,28) (S 81,23,28) (D 0,1,1)
 0 1 5 7 10  9 (D 0,1,1) (S 6,10,10) (S 38,1,10) (S 13,17,17) (S 44,10,17) (S 78,17,18) (S 14,19,19) (S 96,18,19) (D 0,1,1)
 0 1 6 32 59  34 (D 0,1,1) (S 11,15,15) (S 73,1,15) (S 19,24,24) (S 43,15,24) (S 18,23,23) (S 62,24,23) (S 17,22,22) (S 74,23,22) (S 18,23,23) (S 95,22,23) (S 17,22,22) (S 74,23,22) (S 10,14,14) (S 40,22,14) (S 17,22,22) (S 40,14,22) (S 18,23,23) (S 95,22,23) (S 19,24,24) (S 77,23,24) (S 13,17,17) (S 57,24,17) (S 78,17,18) (S 7,11,11) (S 75,18,11) (S 3,6,6) (S 42,11,6) (S 1,3,3) (S 52,6,3) (S 53,3,4) (S 4,7,7) (S 92,4,7) (D 0,1,1)
 0 1 7 21 38  23 (D 0,1,1) (S 6,10,10) (S 38,1,10) (S 13,17,17) (S 44,10,17) (S 78,17,18) (S 7,11,11) (S 75,18,11) (S 3,6,6) (S 42,11,6) (S 1,3,3) (S 52,6,3) (S 3,6,6) (S 52,3,6) (S 7,11,11) (S 42,6,11) (S 88,11,18) (S 13,17,17) (S 76,18,17) (S 6,10,10) (S 44,17,10) (S 38,10,1) (D 0,1,1)
