646
7
8389733
4165
 0 1 1 5 26  7 (D 0,1,1) (S 18,1,17) (S 18,17,1) (S 22,1,15) (S 10,20,20) (S 33,15,20) (D 0,1,1)
 0 1 2 10 17  12 (D 0,1,1) (S 27,1,3) (S 3,6,6) (S 20,3,6) (S 6,10,10) (S 35,6,10) (S 1,4,4) (S 19,10,4) (S 36,4,12) (S 9,19,19) (S 28,12,19) (D 0,1,1)
 0 1 3 5 23  7 (D 0,1,1) (S 17,1,24) (S 17,24,1) (S 17,1,24) (S 13,27,27) (S 30,24,27) (D 0,1,1)
 0 1 4 9 32  11 (D 0,1,1) (S 27,1,3) (S 1,4,4) (S 44,3,4) (S 36,4,12) (S 29,12,13) (S 7,14,14) (S 16,13,14) (S 8,16,16) (S 25,14,16) (D 0,1,1)
 0 1 5 10 47  12 (D 0,1,1) (S 22,1,15) (S 45,15,17) (S 18,17,1) (S 27,1,3) (S 5,8,8) (S 14,3,8) (S 14,8,3) (S 5,8,8) (S 14,3,8) (S 23,8,9) (D 0,1,1)
 0 1 6 20 48  22 (D 0,1,1) (S 27,1,3) (S 1,4,4) (S 44,3,4) (S 3,6,6) (S 37,4,6) (S 6,10,10) (S 35,6,10) (S 1,4,4) (S 19,10,4) (S 36,4,12) (S 15,12,2) (S 15,2,12) (S 15,12,2) (S 41,2,1) (S 27,1,3) (S 1,4,4) (S 44,3,4) (S 36,4,12) (S 9,19,19) (S 28,12,19) (D 0,1,1)
 0 1 7 8 31  10 (D 0,1,1) (S 27,1,3) (S 1,4,4) (S 44,3,4) (S 36,4,12) (S 29,12,13) (S 32,13,15) (S 45,15,17) (S 18,17,1) (D 0,1,1)
