4186
6
3581233
68216
 0 1 1 4 8  6 (D 0,1,1) (S 5,9,9) (S 51,1,9) (S 4,8,8) (S 98,9,8) (D 0,1,1)
 0 1 2 95 177  97 (D 0,1,1) (S 9,15,15) (S 64,1,15) (S 62,15,1) (S 9,15,15) (S 64,1,15) (S 16,24,24) (S 55,15,24) (S 9,15,15) (S 55,24,15) (S 16,24,24) (S 55,15,24) (S 11,17,17) (S 45,24,17) (S 6,10,10) (S 39,17,10) (S 7,11,11) (S 44,10,11) (S 57,11,12) (S 7,11,11) (S 57,12,11) (S 2,6,6) (S 32,11,6) (S 52,6,3) (S 36,3,4) (S 3,7,7) (S 69,4,7) (S 88,7,4) (S 36,4,3) (S 2,6,6) (S 52,3,6) (S 52,6,3) (S 1,2,2) (S 78,3,2) (S 99,2,3) (S 2,6,6) (S 52,3,6) (S 7,11,11) (S 32,6,11) (S 6,10,10) (S 44,11,10) (S 41,10,5) (S 86,5,1) (S 9,15,15) (S 64,1,15) (S 16,24,24) (S 55,15,24) (S 20,29,29) (S 107,24,29) (S 56,29,23) (S 16,24,24) (S 72,23,24) (S 20,29,29) (S 107,24,29) (S 16,24,24) (S 83,29,24) (S 20,29,29) (S 107,24,29) (S 85,29,37) (S 50,37,44) (S 50,44,37) (S 50,37,44) (S 26,43,43) (S 30,44,43) (S 30,43,44) (S 26,43,43) (S 30,44,43) (S 22,35,35) (S 108,43,35) (S 23,36,36) (S 46,35,36) (S 24,38,38) (S 90,36,38) (S 68,38,37) (S 50,37,44) (S 26,43,43) (S 30,44,43) (S 49,43,42) (S 26,43,43) (S 49,42,43) (S 49,43,42) (S 29,42,41) (S 29,41,42) (S 29,42,41) (S 58,41,33) (S 75,33,34) (S 54,34,42) (S 26,43,43) (S 49,42,43) (S 22,35,35) (S 108,43,35) (S 23,36,36) (S 46,35,36) (S 42,36,28) (S 19,27,27) (S 63,28,27) (D 0,1,1)
 0 1 3 9 24  11 (D 0,1,1) (S 9,15,15) (S 64,1,15) (S 34,15,14) (S 28,14,23) (S 92,23,22) (S 8,13,13) (S 59,22,13) (S 4,8,8) (S 91,13,8) (D 0,1,1)
 0 1 4 51 107  53 (D 0,1,1) (S 9,15,15) (S 64,1,15) (S 34,15,14) (S 9,15,15) (S 34,14,15) (S 34,15,14) (S 40,14,22) (S 60,22,23) (S 97,23,28) (S 23,36,36) (S 42,28,36) (S 22,35,35) (S 46,36,35) (S 95,35,34) (S 54,34,42) (S 54,42,34) (S 103,34,33) (S 75,33,34) (S 103,34,33) (S 104,33,41) (S 29,41,42) (S 26,43,43) (S 49,42,43) (S 22,35,35) (S 108,43,35) (S 23,36,36) (S 46,35,36) (S 24,38,38) (S 90,36,38) (S 48,38,46) (S 24,38,38) (S 48,46,38) (S 48,38,46) (S 38,46,50) (S 38,50,46) (S 38,46,50) (S 27,45,45) (S 61,50,45) (S 67,45,49) (S 27,45,45) (S 66,49,45) (S 77,45,44) (S 26,43,43) (S 30,44,43) (S 22,35,35) (S 108,43,35) (S 23,36,36) (S 46,35,36) (S 42,36,28) (S 19,27,27) (S 63,28,27) (D 0,1,1)
 0 1 5 25 40  27 (D 0,1,1) (S 9,15,15) (S 64,1,15) (S 16,24,24) (S 55,15,24) (S 20,29,29) (S 107,24,29) (S 110,29,28) (S 93,28,22) (S 15,21,21) (S 81,22,21) (S 14,20,20) (S 79,21,20) (S 15,21,21) (S 89,20,21) (S 8,13,13) (S 100,21,13) (S 109,13,22) (S 87,22,28) (S 93,28,22) (S 15,21,21) (S 81,22,21) (S 18,26,26) (S 105,21,26) (S 17,25,25) (S 102,26,25) (D 0,1,1)
 0 1 6 67 127  69 (D 0,1,1) (S 9,15,15) (S 64,1,15) (S 16,24,24) (S 55,15,24) (S 11,17,17) (S 45,24,17) (S 21,30,30) (S 76,17,30) (S 20,29,29) (S 74,30,29) (S 16,24,24) (S 83,29,24) (S 11,17,17) (S 45,24,17) (S 12,18,18) (S 82,17,18) (S 13,19,19) (S 73,18,19) (S 53,19,12) (S 7,11,11) (S 57,12,11) (S 6,10,10) (S 44,11,10) (S 41,10,5) (S 2,6,6) (S 101,5,6) (S 7,11,11) (S 32,6,11) (S 6,10,10) (S 44,11,10) (S 11,17,17) (S 39,10,17) (S 16,24,24) (S 45,17,24) (S 20,29,29) (S 107,24,29) (S 110,29,28) (S 23,36,36) (S 42,28,36) (S 24,38,38) (S 90,36,38) (S 48,38,46) (S 38,46,50) (S 96,50,49) (S 94,49,50) (S 27,45,45) (S 61,50,45) (S 80,45,50) (S 27,45,45) (S 61,50,45) (S 84,45,48) (S 33,48,49) (S 27,45,45) (S 66,49,45) (S 77,45,44) (S 26,43,43) (S 30,44,43) (S 22,35,35) (S 108,43,35) (S 23,36,36) (S 46,35,36) (S 42,36,28) (S 93,28,22) (S 40,22,14) (S 9,15,15) (S 34,14,15) (S 62,15,1) (D 0,1,1)
