1044
6
6020353
4738
 0 1 1 8 18  10 (D 0,1,1) (S 10,19,19) (S 28,1,19) (S 11,20,20) (S 24,19,20) (S 12,21,21) (S 36,20,21) (S 8,15,15) (S 46,21,15) (D 0,1,1)
 0 1 2 15 39  17 (D 0,1,1) (S 32,1,9) (S 15,9,3) (S 16,3,4) (S 2,5,5) (S 27,4,5) (S 30,5,4) (S 2,5,5) (S 27,4,5) (S 1,2,2) (S 14,5,2) (S 2,5,5) (S 14,2,5) (S 6,11,11) (S 18,5,11) (S 42,11,1) (D 0,1,1)
 0 1 3 19 48  21 (D 0,1,1) (S 32,1,9) (S 10,19,19) (S 40,9,19) (S 41,19,9) (S 15,9,3) (S 5,10,10) (S 22,3,10) (S 22,10,3) (S 15,3,9) (S 10,19,19) (S 40,9,19) (S 11,20,20) (S 24,19,20) (S 8,15,15) (S 39,20,15) (S 12,21,21) (S 37,15,21) (S 8,15,15) (S 46,21,15) (D 0,1,1)
 0 1 4 29 67  31 (D 0,1,1) (S 32,1,9) (S 15,9,3) (S 16,3,4) (S 2,5,5) (S 27,4,5) (S 6,11,11) (S 18,5,11) (S 2,5,5) (S 18,11,5) (S 6,11,11) (S 18,5,11) (S 3,6,6) (S 20,11,6) (S 4,7,7) (S 35,6,7) (S 17,7,13) (S 4,7,7) (S 17,13,7) (S 17,7,13) (S 9,17,17) (S 38,13,17) (S 26,17,13) (S 9,17,17) (S 38,13,17) (S 7,12,12) (S 34,17,12) (S 6,11,11) (S 29,12,11) (S 42,11,1) (D 0,1,1)
 0 1 5 39 115  41 (D 0,1,1) (S 32,1,9) (S 15,9,3) (S 16,3,4) (S 2,5,5) (S 27,4,5) (S 6,11,11) (S 18,5,11) (S 42,11,1) (S 32,1,9) (S 15,9,3) (S 16,3,4) (S 2,5,5) (S 27,4,5) (S 6,11,11) (S 18,5,11) (S 3,6,6) (S 20,11,6) (S 2,5,5) (S 44,6,5) (S 6,11,11) (S 18,5,11) (S 3,6,6) (S 20,11,6) (S 4,7,7) (S 35,6,7) (S 17,7,13) (S 13,13,14) (S 33,14,8) (S 43,8,14) (S 19,14,18) (S 19,18,14) (S 19,14,18) (S 9,17,17) (S 45,18,17) (S 7,12,12) (S 34,17,12) (S 6,11,11) (S 29,12,11) (S 42,11,1) (D 0,1,1)
 0 1 6 31 61  33 (D 0,1,1) (S 32,1,9) (S 15,9,3) (S 16,3,4) (S 2,5,5) (S 27,4,5) (S 6,11,11) (S 18,5,11) (S 3,6,6) (S 20,11,6) (S 4,7,7) (S 35,6,7) (S 17,7,13) (S 9,17,17) (S 38,13,17) (S 7,12,12) (S 34,17,12) (S 6,11,11) (S 29,12,11) (S 3,6,6) (S 20,11,6) (S 4,7,7) (S 35,6,7) (S 17,7,13) (S 9,17,17) (S 38,13,17) (S 48,17,16) (S 9,17,17) (S 31,16,17) (S 48,17,16) (S 8,15,15) (S 47,16,15) (D 0,1,1)
