7590
9
2978347
8304
 0 1 1 6 176  8 (D 0,1,1) (S 29,21,17) (S 20,17,16) (S 18,16,8) (S 9,8,7) (S 7,7,6) (S 5,6,1) (D 0,1,1)
 0 1 2 12 368  14 (D 0,1,1) (S 30,21,22) (S 31,22,17) (S 21,17,18) (S 23,18,10) (S 11,10,4) (S 3,4,5) (S 4,5,11) (S 14,11,10) (S 12,10,9) (S 10,9,8) (S 9,8,7) (S 8,7,13) (D 0,1,1)
 0 1 3 5 107  7 (D 0,1,1) (S 29,21,17) (S 22,17,22) (S 31,22,17) (S 20,17,16) (S 19,16,15) (D 0,1,1)
 0 1 4 14 440  16 (D 0,1,1) (S 29,21,17) (S 21,17,18) (S 24,18,19) (S 26,19,10) (S 13,10,18) (S 25,18,23) (S 32,23,22) (S 31,22,17) (S 20,17,16) (S 18,16,8) (S 9,8,7) (S 7,7,6) (S 6,6,12) (S 15,12,13) (D 0,1,1)
 0 1 5 4 140  6 (D 0,1,1) (S 29,21,17) (S 21,17,18) (S 24,18,19) (S 27,19,30) (D 0,1,1)
 0 1 6 6 137  8 (D 0,1,1) (S 29,21,17) (S 20,17,16) (S 18,16,8) (S 9,8,7) (S 8,7,13) (S 16,13,15) (D 0,1,1)
 0 1 7 6 152  8 (D 0,1,1) (S 29,21,17) (S 20,17,16) (S 18,16,8) (S 9,8,7) (S 7,7,6) (S 6,6,12) (D 0,1,1)
 0 1 8 5 167  7 (D 0,1,1) (S 29,21,17) (S 21,17,18) (S 23,18,10) (S 12,10,9) (S 10,9,8) (D 0,1,1)
 0 1 9 7 256  9 (D 0,1,1) (S 29,21,17) (S 21,17,18) (S 23,18,10) (S 11,10,4) (S 3,4,5) (S 4,5,11) (S 14,11,10) (D 0,1,1)
