326
8
5653201
2491
 0 1 1 11 33  13 (D 0,1,1) (S 21,1,15) (S 13,20,20) (S 23,15,20) (S 10,14,14) (S 20,20,14) (S 12,18,18) (S 41,14,18) (S 14,21,21) (S 17,18,21) (S 15,22,22) (S 25,21,22) (D 0,1,1)
 0 1 2 2 11  4 (D 0,1,1) (S 29,1,24) (S 31,24,27) (D 0,1,1)
 0 1 3 1 7  3 (D 0,1,1) (S 33,1,27) (D 0,1,1)
 0 1 4 1 1  3 (D 0,1,1) (S 39,1,19) (D 0,1,1)
 0 1 5 3 11  5 (D 0,1,1) (S 21,1,15) (S 11,17,17) (S 43,15,17) (D 0,1,1)
 0 1 6 12 38  14 (D 0,1,1) (S 21,1,15) (S 13,20,20) (S 23,15,20) (S 10,14,14) (S 20,20,14) (S 12,18,18) (S 41,14,18) (S 14,21,21) (S 17,18,21) (S 27,21,23) (S 26,23,26) (S 44,26,27) (D 0,1,1)
 0 1 7 11 37  13 (D 0,1,1) (S 21,1,15) (S 13,20,20) (S 23,15,20) (S 10,14,14) (S 20,20,14) (S 12,18,18) (S 41,14,18) (S 14,21,21) (S 17,18,21) (S 27,21,23) (S 37,23,24) (D 0,1,1)
 0 1 8 16 47  18 (D 0,1,1) (S 21,1,15) (S 13,20,20) (S 23,15,20) (S 10,14,14) (S 20,20,14) (S 12,18,18) (S 41,14,18) (S 14,21,21) (S 17,18,21) (S 15,22,22) (S 25,21,22) (S 19,22,25) (S 22,25,26) (S 22,26,25) (S 15,22,22) (S 19,25,22) (D 0,1,1)
