324
7
5812297
2250
 0 1 1 3 7  5 (D 0,1,1) (S 15,1,19) (S 15,19,1) (S 22,1,17) (D 0,1,1)
 0 1 2 1 7  3 (D 0,1,1) (S 28,1,27) (D 0,1,1)
 0 1 3 4 17  6 (D 0,1,1) (S 31,1,3) (S 3,6,6) (S 20,3,6) (S 24,6,9) (D 0,1,1)
 0 1 4 7 33  9 (D 0,1,1) (S 31,1,3) (S 2,4,4) (S 27,3,4) (S 3,6,6) (S 34,4,6) (S 37,6,8) (S 17,8,3) (D 0,1,1)
 0 1 5 9 28  11 (D 0,1,1) (S 31,1,3) (S 3,6,6) (S 20,3,6) (S 19,6,10) (S 3,6,6) (S 19,10,6) (S 19,6,10) (S 38,10,11) (S 14,11,7) (D 0,1,1)
 0 1 6 3 19  5 (D 0,1,1) (S 31,1,3) (S 17,3,8) (S 26,8,9) (D 0,1,1)
 0 1 7 12 42  14 (D 0,1,1) (S 31,1,3) (S 2,4,4) (S 27,3,4) (S 40,4,5) (S 3,6,6) (S 29,5,6) (S 37,6,8) (S 17,8,3) (S 2,4,4) (S 27,3,4) (S 40,4,5) (S 30,5,9) (D 0,1,1)
