588
6
4813836
552
 0 1 1 8 114  10 (D 0,1,1) (S 3,4,4) (S 10,1,4) (S 10,4,1) (S 9,1,10) (S 9,10,1) (S 11,1,12) (S 8,12,11) (S 8,11,12) (D 0,1,1)
 0 1 2 2 19  4 (D 0,1,1) (S 5,7,7) (S 14,1,7) (D 0,1,1)
 0 1 3 4 15  6 (D 0,1,1) (S 1,2,2) (S 16,1,2) (S 7,9,9) (S 18,2,9) (D 0,1,1)
 0 1 4 13 121  15 (D 0,1,1) (S 1,2,2) (S 16,1,2) (S 2,3,3) (S 21,2,3) (S 3,4,4) (S 12,3,4) (S 10,4,1) (S 1,2,2) (S 16,1,2) (S 2,3,3) (S 21,2,3) (S 19,3,5) (S 15,5,11) (D 0,1,1)
 0 1 5 6 47  8 (D 0,1,1) (S 1,2,2) (S 16,1,2) (S 2,3,3) (S 21,2,3) (S 19,3,5) (S 17,5,12) (D 0,1,1)
 0 1 6 9 47  11 (D 0,1,1) (S 1,2,2) (S 16,1,2) (S 2,3,3) (S 21,2,3) (S 19,3,5) (S 4,6,6) (S 20,5,6) (S 5,7,7) (S 13,6,7) (D 0,1,1)
