192
7
4222480
300
 0 1 1 2 9  4 (D 0,1,1) (S 6,1,4) (S 9,4,9) (D 0,1,1)
 0 1 2 1 1  3 (D 0,1,1) (S 8,1,9) (D 0,1,1)
 0 1 3 2 4  4 (D 0,1,1) (S 3,5,5) (S 15,1,5) (D 0,1,1)
 0 1 4 6 17  8 (D 0,1,1) (S 6,1,4) (S 4,7,7) (S 10,4,7) (S 5,8,8) (S 11,7,8) (S 12,8,9) (D 0,1,1)
 0 1 5 4 14  6 (D 0,1,1) (S 6,1,4) (S 5,8,8) (S 16,4,8) (S 13,8,10) (D 0,1,1)
 0 1 6 4 11  6 (D 0,1,1) (S 6,1,4) (S 4,7,7) (S 10,4,7) (S 14,7,11) (D 0,1,1)
 0 1 7 7 21  9 (D 0,1,1) (S 6,1,4) (S 4,7,7) (S 10,4,7) (S 2,3,3) (S 7,7,3) (S 4,7,7) (S 7,3,7) (D 0,1,1)
