2912
8
8357696
22850
 0 1 1 3 7  5 (D 0,1,1) (S 30,1,2) (S 1,3,3) (S 51,2,3) (D 0,1,1)
 0 1 2 41 147  43 (D 0,1,1) (S 6,9,9) (S 68,1,9) (S 41,9,15) (S 6,9,9) (S 62,15,9) (S 70,9,10) (S 29,10,15) (S 5,8,8) (S 66,15,8) (S 9,14,14) (S 21,8,14) (S 35,14,13) (S 9,14,14) (S 35,13,14) (S 35,14,13) (S 10,16,16) (S 57,13,16) (S 12,21,21) (S 22,16,21) (S 13,22,22) (S 60,21,22) (S 11,17,17) (S 64,22,17) (S 36,17,13) (S 5,8,8) (S 59,13,8) (S 3,5,5) (S 63,8,5) (S 5,8,8) (S 48,5,8) (S 69,8,1) (S 30,1,2) (S 6,9,9) (S 78,2,9) (S 70,9,10) (S 25,10,19) (S 31,19,18) (S 14,23,23) (S 44,18,23) (S 20,30,30) (S 42,23,30) (D 0,1,1)
 0 1 3 6 18  8 (D 0,1,1) (S 30,1,2) (S 6,9,9) (S 78,2,9) (S 70,9,10) (S 1,3,3) (S 50,10,3) (D 0,1,1)
 0 1 4 29 67  31 (D 0,1,1) (S 30,1,2) (S 6,9,9) (S 78,2,9) (S 70,9,10) (S 6,9,9) (S 54,10,9) (S 41,9,15) (S 26,15,18) (S 26,18,15) (S 26,15,18) (S 31,18,19) (S 32,19,15) (S 26,15,18) (S 14,23,23) (S 44,18,23) (S 20,30,30) (S 42,23,30) (S 14,23,23) (S 49,30,23) (S 20,30,30) (S 42,23,30) (S 16,26,26) (S 34,30,26) (S 20,30,30) (S 34,26,30) (S 16,26,26) (S 34,30,26) (S 14,23,23) (S 27,26,23) (D 0,1,1)
 0 1 5 7 24  9 (D 0,1,1) (S 30,1,2) (S 6,9,9) (S 78,2,9) (S 41,9,15) (S 26,15,18) (S 16,26,26) (S 76,18,26) (D 0,1,1)
 0 1 6 26 88  28 (D 0,1,1) (S 30,1,2) (S 6,9,9) (S 78,2,9) (S 41,9,15) (S 26,15,18) (S 11,17,17) (S 77,18,17) (S 55,17,18) (S 11,17,17) (S 77,18,17) (S 36,17,13) (S 10,16,16) (S 57,13,16) (S 38,16,20) (S 10,16,16) (S 39,20,16) (S 58,16,13) (S 10,16,16) (S 57,13,16) (S 7,11,11) (S 61,16,11) (S 8,12,12) (S 72,11,12) (S 28,12,7) (S 4,6,6) (S 65,7,6) (D 0,1,1)
 0 1 7 79 258  81 (D 0,1,1) (S 30,1,2) (S 6,9,9) (S 78,2,9) (S 41,9,15) (S 5,8,8) (S 66,15,8) (S 3,5,5) (S 63,8,5) (S 74,5,1) (S 30,1,2) (S 6,9,9) (S 78,2,9) (S 41,9,15) (S 5,8,8) (S 66,15,8) (S 3,5,5) (S 63,8,5) (S 2,4,4) (S 23,5,4) (S 3,5,5) (S 23,4,5) (S 2,4,4) (S 23,5,4) (S 33,4,7) (S 5,8,8) (S 75,7,8) (S 3,5,5) (S 63,8,5) (S 2,4,4) (S 23,5,4) (S 33,4,7) (S 8,12,12) (S 28,7,12) (S 10,16,16) (S 47,12,16) (S 38,16,20) (S 7,11,11) (S 45,20,11) (S 8,12,12) (S 72,11,12) (S 10,16,16) (S 47,12,16) (S 38,16,20) (S 12,21,21) (S 46,20,21) (S 18,28,28) (S 71,21,28) (S 17,27,27) (S 73,28,27) (S 53,27,20) (S 17,27,27) (S 56,20,27) (S 53,27,20) (S 15,24,24) (S 24,20,24) (S 24,24,20) (S 12,21,21) (S 46,20,21) (S 19,29,29) (S 37,21,29) (S 12,21,21) (S 37,29,21) (S 19,29,29) (S 37,21,29) (S 40,29,25) (S 13,22,22) (S 43,25,22) (S 11,17,17) (S 64,22,17) (S 36,17,13) (S 10,16,16) (S 57,13,16) (S 12,21,21) (S 22,16,21) (S 19,29,29) (S 37,21,29) (S 40,29,25) (S 20,30,30) (S 52,25,30) (D 0,1,1)
 0 1 8 26 86  28 (D 0,1,1) (S 30,1,2) (S 6,9,9) (S 78,2,9) (S 41,9,15) (S 26,15,18) (S 11,17,17) (S 77,18,17) (S 36,17,13) (S 10,16,16) (S 57,13,16) (S 12,21,21) (S 22,16,21) (S 19,29,29) (S 37,21,29) (S 40,29,25) (S 19,29,29) (S 67,25,29) (S 40,29,25) (S 13,22,22) (S 43,25,22) (S 11,17,17) (S 64,22,17) (S 36,17,13) (S 5,8,8) (S 59,13,8) (S 69,8,1) (D 0,1,1)
