148
6
6084293
647
 0 1 1 12 36  14 (D 0,1,1) (S 4,6,6) (S 9,1,6) (S 12,6,8) (S 3,5,5) (S 6,8,5) (S 13,5,7) (S 10,7,8) (S 3,5,5) (S 6,8,5) (S 13,5,7) (S 1,2,2) (S 8,7,2) (D 0,1,1)
 0 1 2 14 29  16 (D 0,1,1) (S 16,1,4) (S 3,5,5) (S 7,4,5) (S 7,5,4) (S 5,4,7) (S 1,2,2) (S 8,7,2) (S 8,2,7) (S 1,2,2) (S 8,7,2) (S 3,5,5) (S 15,2,5) (S 7,5,4) (S 11,4,8) (D 0,1,1)
 0 1 3 5 9  7 (D 0,1,1) (S 3,5,5) (S 17,1,5) (S 7,5,4) (S 4,6,6) (S 20,4,6) (D 0,1,1)
 0 1 4 1 1  3 (D 0,1,1) (S 18,1,7) (D 0,1,1)
 0 1 5 1 1  3 (D 0,1,1) (S 19,1,8) (D 0,1,1)
 0 1 6 2 1  4 (D 0,1,1) (S 1,2,2) (S 21,1,2) (D 0,1,1)
