1470
9
5808954
3449
 0 1 1 4 26  6 (D 0,1,1) (S 12,1,5) (S 15,5,14) (S 7,15,15) (S 22,14,15) (D 0,1,1)
 0 1 2 2 4  4 (D 0,1,1) (S 4,9,9) (S 34,1,9) (D 0,1,1)
 0 1 3 5 40  7 (D 0,1,1) (S 40,1,10) (S 18,10,18) (S 19,18,19) (S 8,20,20) (S 11,19,20) (D 0,1,1)
 0 1 4 7 29  9 (D 0,1,1) (S 3,8,8) (S 16,1,8) (S 16,8,1) (S 3,8,8) (S 16,1,8) (S 8,20,20) (S 25,8,20) (D 0,1,1)
 0 1 5 4 26  6 (D 0,1,1) (S 12,1,5) (S 33,5,6) (S 7,15,15) (S 21,6,15) (D 0,1,1)
 0 1 6 4 23  6 (D 0,1,1) (S 3,8,8) (S 16,1,8) (S 4,9,9) (S 37,8,9) (D 0,1,1)
 0 1 7 4 19  6 (D 0,1,1) (S 40,1,10) (S 36,10,12) (S 26,12,17) (S 28,17,18) (D 0,1,1)
 0 1 8 19 95  21 (D 0,1,1) (S 12,1,5) (S 33,5,6) (S 5,11,11) (S 24,6,11) (S 10,11,4) (S 2,7,7) (S 13,4,7) (S 6,13,13) (S 35,7,13) (S 29,13,14) (S 15,14,5) (S 33,5,6) (S 5,11,11) (S 24,6,11) (S 9,11,16) (S 5,11,11) (S 9,16,11) (S 9,11,16) (S 27,16,17) (D 0,1,1)
 0 1 9 10 81  12 (D 0,1,1) (S 12,1,5) (S 33,5,6) (S 5,11,11) (S 24,6,11) (S 10,11,4) (S 38,4,6) (S 5,11,11) (S 24,6,11) (S 10,11,4) (S 39,4,1) (D 0,1,1)
