634
9
6657644
3603
 0 1 1 9 34  11 (D 0,1,1) (S 17,1,27) (S 13,27,26) (S 13,26,27) (S 17,27,1) (S 19,1,3) (S 3,6,6) (S 22,3,6) (S 4,7,7) (S 36,6,7) (D 0,1,1)
 0 1 2 1 1  3 (D 0,1,1) (S 29,1,19) (D 0,1,1)
 0 1 3 1 5  3 (D 0,1,1) (S 37,1,17) (D 0,1,1)
 0 1 4 2 11  4 (D 0,1,1) (S 44,1,15) (S 28,15,17) (D 0,1,1)
 0 1 5 12 49  14 (D 0,1,1) (S 19,1,3) (S 5,8,8) (S 20,3,8) (S 11,24,24) (S 12,8,24) (S 14,24,23) (S 41,23,26) (S 13,26,27) (S 17,27,1) (S 44,1,15) (S 8,20,20) (S 43,15,20) (D 0,1,1)
 0 1 6 5 20  7 (D 0,1,1) (S 19,1,3) (S 2,4,4) (S 42,3,4) (S 26,4,10) (S 39,10,11) (D 0,1,1)
 0 1 7 4 13  6 (D 0,1,1) (S 19,1,3) (S 3,6,6) (S 22,3,6) (S 25,6,10) (D 0,1,1)
 0 1 8 11 42  13 (D 0,1,1) (S 19,1,3) (S 3,6,6) (S 22,3,6) (S 5,8,8) (S 31,6,8) (S 35,8,27) (S 17,27,1) (S 19,1,3) (S 2,4,4) (S 42,3,4) (S 40,4,19) (D 0,1,1)
 0 1 9 7 27  9 (D 0,1,1) (S 19,1,3) (S 5,8,8) (S 20,3,8) (S 11,24,24) (S 12,8,24) (S 46,24,27) (S 17,27,1) (D 0,1,1)
