3899
6
8331004
91425
 0 1 1 57 116  59 (D 0,1,1) (S 2,10,10) (S 43,1,10) (S 1,5,5) (S 56,10,5) (S 51,5,6) (S 27,6,7) (S 3,12,12) (S 73,7,12) (S 39,12,11) (S 3,12,12) (S 39,11,12) (S 39,12,11) (S 68,11,6) (S 100,6,11) (S 2,10,10) (S 94,11,10) (S 1,5,5) (S 56,10,5) (S 74,5,1) (S 28,1,9) (S 5,14,14) (S 41,9,14) (S 13,23,23) (S 71,14,23) (S 6,15,15) (S 76,23,15) (S 65,15,24) (S 57,24,17) (S 19,31,31) (S 46,17,31) (S 31,31,39) (S 19,31,31) (S 31,39,31) (S 46,31,17) (S 18,30,30) (S 67,17,30) (S 61,30,39) (S 115,39,40) (S 78,40,39) (S 40,39,38) (S 55,38,46) (S 72,46,45) (S 26,50,50) (S 81,45,50) (S 101,50,46) (S 55,46,38) (S 40,38,39) (S 19,31,31) (S 31,39,31) (S 46,31,17) (S 57,17,24) (S 13,23,23) (S 109,24,23) (S 5,14,14) (S 102,23,14) (S 41,14,9) (S 28,9,1) (D 0,1,1)
 0 1 2 86 171  88 (D 0,1,1) (S 1,5,5) (S 85,1,5) (S 74,5,1) (S 6,15,15) (S 87,1,15) (S 13,23,23) (S 99,15,23) (S 12,22,22) (S 91,23,22) (S 4,13,13) (S 36,22,13) (S 12,22,22) (S 36,13,22) (S 16,28,28) (S 52,22,28) (S 12,22,22) (S 52,28,22) (S 4,13,13) (S 36,22,13) (S 80,13,8) (S 33,8,9) (S 5,14,14) (S 41,9,14) (S 12,22,22) (S 86,14,22) (S 4,13,13) (S 36,22,13) (S 92,13,9) (S 5,14,14) (S 41,9,14) (S 13,23,23) (S 71,14,23) (S 5,14,14) (S 102,23,14) (S 13,23,23) (S 71,14,23) (S 17,29,29) (S 116,23,29) (S 63,29,24) (S 17,29,29) (S 107,24,29) (S 13,23,23) (S 104,29,23) (S 117,23,24) (S 13,23,23) (S 109,24,23) (S 6,15,15) (S 76,23,15) (S 7,16,16) (S 30,15,16) (S 6,15,15) (S 30,16,15) (S 7,16,16) (S 30,15,16) (S 38,16,1) (S 1,5,5) (S 85,1,5) (S 51,5,6) (S 100,6,11) (S 8,18,18) (S 108,11,18) (S 69,18,17) (S 18,30,30) (S 67,17,30) (S 77,30,17) (S 18,30,30) (S 67,17,30) (S 61,30,39) (S 40,39,38) (S 55,38,46) (S 72,46,45) (S 26,50,50) (S 81,45,50) (S 101,50,46) (S 55,46,38) (S 40,38,39) (S 19,31,31) (S 31,39,31) (S 46,31,17) (S 57,17,24) (S 13,23,23) (S 109,24,23) (S 5,14,14) (S 102,23,14) (S 41,14,9) (S 28,9,1) (D 0,1,1)
 0 1 3 60 135  62 (D 0,1,1) (S 28,1,9) (S 33,9,8) (S 4,13,13) (S 118,8,13) (S 12,22,22) (S 36,13,22) (S 16,28,28) (S 52,22,28) (S 119,28,36) (S 53,36,44) (S 22,37,37) (S 29,44,37) (S 29,37,44) (S 42,44,45) (S 83,45,46) (S 55,46,38) (S 40,38,39) (S 115,39,40) (S 48,40,47) (S 47,47,39) (S 115,39,40) (S 50,40,32) (S 50,32,40) (S 50,40,32) (S 9,19,19) (S 54,32,19) (S 8,18,18) (S 66,19,18) (S 69,18,17) (S 18,30,30) (S 67,17,30) (S 61,30,39) (S 115,39,40) (S 50,40,32) (S 19,31,31) (S 62,32,31) (S 31,31,39) (S 40,39,38) (S 55,38,46) (S 72,46,45) (S 84,45,49) (S 26,50,50) (S 82,49,50) (S 88,50,45) (S 42,45,44) (S 24,43,43) (S 95,44,43) (S 23,42,42) (S 64,43,42) (S 20,34,34) (S 79,42,34) (S 21,35,35) (S 49,34,35) (S 20,34,34) (S 49,35,34) (S 37,34,33) (S 14,25,25) (S 45,33,25) (S 10,20,20) (S 90,25,20) (D 0,1,1)
 0 1 4 62 129  64 (D 0,1,1) (S 1,5,5) (S 85,1,5) (S 51,5,6) (S 27,6,7) (S 34,7,4) (S 34,4,7) (S 34,7,4) (S 97,4,3) (S 58,3,6) (S 27,6,7) (S 34,7,4) (S 97,4,3) (S 106,3,4) (S 34,4,7) (S 27,7,6) (S 1,5,5) (S 51,6,5) (S 74,5,1) (S 28,1,9) (S 5,14,14) (S 41,9,14) (S 12,22,22) (S 86,14,22) (S 16,28,28) (S 52,22,28) (S 119,28,36) (S 98,36,38) (S 55,38,46) (S 72,46,45) (S 26,50,50) (S 81,45,50) (S 101,50,46) (S 72,46,45) (S 84,45,49) (S 112,49,45) (S 25,48,48) (S 35,45,48) (S 24,43,43) (S 32,48,43) (S 21,35,35) (S 111,43,35) (S 20,34,34) (S 49,35,34) (S 37,34,33) (S 20,34,34) (S 37,33,34) (S 37,34,33) (S 44,33,41) (S 23,42,42) (S 75,41,42) (S 20,34,34) (S 79,42,34) (S 37,34,33) (S 14,25,25) (S 45,33,25) (S 45,25,33) (S 14,25,25) (S 45,33,25) (S 10,20,20) (S 90,25,20) (S 14,25,25) (S 113,20,25) (D 0,1,1)
 0 1 5 13 29  15 (D 0,1,1) (S 28,1,9) (S 5,14,14) (S 41,9,14) (S 12,22,22) (S 86,14,22) (S 16,28,28) (S 52,22,28) (S 119,28,36) (S 16,28,28) (S 103,36,28) (S 119,28,36) (S 21,35,35) (S 114,36,35) (D 0,1,1)
 0 1 6 24 60  26 (D 0,1,1) (S 28,1,9) (S 5,14,14) (S 41,9,14) (S 12,22,22) (S 86,14,22) (S 16,28,28) (S 52,22,28) (S 119,28,36) (S 98,36,38) (S 55,38,46) (S 72,46,45) (S 25,48,48) (S 35,45,48) (S 35,48,45) (S 42,45,44) (S 53,44,36) (S 16,28,28) (S 103,36,28) (S 12,22,22) (S 52,28,22) (S 4,13,13) (S 36,22,13) (S 92,13,9) (S 28,9,1) (D 0,1,1)
