190
6
4333489
1381
 0 1 1 14 35  16 (D 0,1,1) (S 6,7,7) (S 10,1,7) (S 9,10,10) (S 28,7,10) (S 5,6,6) (S 11,10,6) (S 8,9,9) (S 17,6,9) (S 9,10,10) (S 16,9,10) (S 5,6,6) (S 11,10,6) (S 7,8,8) (S 29,6,8) (D 0,1,1)
 0 1 2 9 23  11 (D 0,1,1) (S 12,1,11) (S 3,4,4) (S 14,11,4) (S 4,5,5) (S 27,4,5) (S 7,8,8) (S 21,5,8) (S 8,9,9) (S 22,8,9) (D 0,1,1)
 0 1 3 8 21  10 (D 0,1,1) (S 3,4,4) (S 26,1,4) (S 4,5,5) (S 27,4,5) (S 6,7,7) (S 18,5,7) (S 8,9,9) (S 32,7,9) (D 0,1,1)
 0 1 4 22 39  24 (D 0,1,1) (S 6,7,7) (S 10,1,7) (S 2,3,3) (S 13,7,3) (S 6,7,7) (S 13,3,7) (S 2,3,3) (S 13,7,3) (S 4,5,5) (S 15,3,5) (S 24,5,11) (S 12,11,1) (S 6,7,7) (S 10,1,7) (S 2,3,3) (S 13,7,3) (S 3,4,4) (S 19,3,4) (S 4,5,5) (S 27,4,5) (S 9,10,10) (S 30,5,10) (D 0,1,1)
 0 1 5 6 11  8 (D 0,1,1) (S 6,7,7) (S 10,1,7) (S 2,3,3) (S 13,7,3) (S 8,9,9) (S 25,3,9) (D 0,1,1)
 0 1 6 12 16  14 (D 0,1,1) (S 6,7,7) (S 10,1,7) (S 2,3,3) (S 13,7,3) (S 31,3,11) (S 12,11,1) (S 6,7,7) (S 10,1,7) (S 2,3,3) (S 13,7,3) (S 9,10,10) (S 33,3,10) (D 0,1,1)
