193
7
4223225
626
 0 1 1 4 22  6 (D 0,1,1) (S 1,2,2) (S 11,1,2) (S 3,4,4) (S 18,2,4) (D 0,1,1)
 0 1 2 2 17  4 (D 0,1,1) (S 3,4,4) (S 17,1,4) (D 0,1,1)
 0 1 3 2 31  4 (D 0,1,1) (S 20,1,10) (S 16,10,11) (D 0,1,1)
 0 1 4 6 19  8 (D 0,1,1) (S 22,1,12) (S 10,12,6) (S 5,7,7) (S 12,6,7) (S 6,8,8) (S 9,7,8) (D 0,1,1)
 0 1 5 2 23  4 (D 0,1,1) (S 22,1,12) (S 14,12,13) (D 0,1,1)
 0 1 6 5 31  7 (D 0,1,1) (S 1,2,2) (S 11,1,2) (S 7,9,9) (S 21,2,9) (S 8,9,10) (D 0,1,1)
 0 1 7 11 38  13 (D 0,1,1) (S 22,1,12) (S 10,12,6) (S 5,7,7) (S 12,6,7) (S 6,8,8) (S 9,7,8) (S 5,7,7) (S 9,8,7) (S 6,8,8) (S 9,7,8) (S 23,8,10) (D 0,1,1)
