303
6
4689506
2277
 0 1 1 13 22  15 (D 0,1,1) (S 1,2,2) (S 17,1,2) (S 2,3,3) (S 12,2,3) (S 3,4,4) (S 18,3,4) (S 4,5,5) (S 31,4,5) (S 7,8,8) (S 19,5,8) (S 11,8,1) (S 8,9,9) (S 34,1,9) (D 0,1,1)
 0 1 2 13 28  15 (D 0,1,1) (S 4,5,5) (S 23,1,5) (S 5,6,6) (S 16,5,6) (S 6,7,7) (S 20,6,7) (S 9,11,11) (S 21,7,11) (S 2,3,3) (S 10,11,3) (S 7,8,8) (S 26,3,8) (S 11,8,1) (D 0,1,1)
 0 1 3 15 25  17 (D 0,1,1) (S 5,6,6) (S 24,1,6) (S 9,11,11) (S 27,6,11) (S 2,3,3) (S 10,11,3) (S 6,7,7) (S 22,3,7) (S 39,7,10) (S 3,4,4) (S 14,10,4) (S 5,6,6) (S 36,4,6) (S 8,9,9) (S 33,6,9) (D 0,1,1)
 0 1 4 12 26  14 (D 0,1,1) (S 25,1,10) (S 9,11,11) (S 28,10,11) (S 2,3,3) (S 10,11,3) (S 7,8,8) (S 26,3,8) (S 15,8,10) (S 3,4,4) (S 14,10,4) (S 8,9,9) (S 38,4,9) (D 0,1,1)
 0 1 5 23 57  25 (D 0,1,1) (S 6,7,7) (S 35,1,7) (S 9,11,11) (S 21,7,11) (S 2,3,3) (S 10,11,3) (S 5,6,6) (S 29,3,6) (S 4,5,5) (S 16,6,5) (S 7,8,8) (S 19,5,8) (S 11,8,1) (S 2,3,3) (S 37,1,3) (S 1,2,2) (S 12,3,2) (S 4,5,5) (S 13,2,5) (S 30,5,10) (S 7,8,8) (S 15,10,8) (S 11,8,1) (D 0,1,1)
 0 1 6 4 11  6 (D 0,1,1) (S 4,5,5) (S 23,1,5) (S 8,9,9) (S 32,5,9) (D 0,1,1)
