1217
6
5458091
18189
 0 1 1 18 36  20 (D 0,1,1) (S 4,6,6) (S 42,1,6) (S 72,6,2) (S 25,36,36) (S 38,2,36) (S 36,36,29) (S 43,29,30) (S 21,31,31) (S 52,30,31) (S 26,37,37) (S 62,31,37) (S 1,3,3) (S 65,37,3) (S 5,7,7) (S 40,3,7) (S 4,6,6) (S 77,7,6) (S 42,6,1) (D 0,1,1)
 0 1 2 12 32  14 (D 0,1,1) (S 6,8,8) (S 50,1,8) (S 10,14,14) (S 34,8,14) (S 6,8,8) (S 34,14,8) (S 67,8,9) (S 7,10,10) (S 66,9,10) (S 76,10,9) (S 6,8,8) (S 79,9,8) (D 0,1,1)
 0 1 3 19 38  21 (D 0,1,1) (S 57,1,40) (S 70,40,1) (S 74,1,2) (S 4,6,6) (S 48,2,6) (S 72,6,2) (S 64,2,1) (S 74,1,2) (S 1,3,3) (S 68,2,3) (S 5,7,7) (S 40,3,7) (S 4,6,6) (S 77,7,6) (S 72,6,2) (S 1,3,3) (S 68,2,3) (S 2,4,4) (S 61,3,4) (D 0,1,1)
 0 1 4 31 93  33 (D 0,1,1) (S 74,1,2) (S 25,36,36) (S 38,2,36) (S 24,35,35) (S 32,36,35) (S 25,36,36) (S 32,35,36) (S 24,35,35) (S 32,36,35) (S 49,35,34) (S 19,27,27) (S 31,34,27) (S 31,27,34) (S 24,35,35) (S 59,34,35) (S 49,35,34) (S 23,33,33) (S 33,34,33) (S 33,33,34) (S 39,34,26) (S 39,26,34) (S 39,34,26) (S 23,33,33) (S 71,26,33) (S 33,33,34) (S 24,35,35) (S 59,34,35) (S 25,36,36) (S 32,35,36) (S 38,36,2) (S 64,2,1) (D 0,1,1)
 0 1 5 16 36  18 (D 0,1,1) (S 74,1,2) (S 25,36,36) (S 38,2,36) (S 36,36,29) (S 43,29,30) (S 21,31,31) (S 52,30,31) (S 27,38,38) (S 28,31,38) (S 21,31,31) (S 28,38,31) (S 27,38,38) (S 28,31,38) (S 78,38,39) (S 3,5,5) (S 44,39,5) (D 0,1,1)
 0 1 6 50 135  52 (D 0,1,1) (S 74,1,2) (S 25,36,36) (S 38,2,36) (S 36,36,29) (S 43,29,30) (S 21,31,31) (S 52,30,31) (S 26,37,37) (S 62,31,37) (S 47,37,30) (S 21,31,31) (S 52,30,31) (S 26,37,37) (S 62,31,37) (S 25,36,36) (S 73,37,36) (S 24,35,35) (S 32,36,35) (S 49,35,34) (S 39,34,26) (S 19,27,27) (S 29,26,27) (S 31,27,34) (S 24,35,35) (S 59,34,35) (S 25,36,36) (S 32,35,36) (S 36,36,29) (S 43,29,30) (S 21,31,31) (S 52,30,31) (S 27,38,38) (S 28,31,38) (S 78,38,39) (S 27,38,38) (S 60,39,38) (S 78,38,39) (S 22,32,32) (S 30,39,32) (S 30,32,39) (S 27,38,38) (S 60,39,38) (S 21,31,31) (S 28,38,31) (S 26,37,37) (S 62,31,37) (S 25,36,36) (S 73,37,36) (S 38,36,2) (S 64,2,1) (D 0,1,1)
