738
8
5640484
608
 0 1 1 3 22  5 (D 0,1,1) (S 16,1,5) (S 4,10,10) (S 10,5,10) (D 0,1,1)
 0 1 2 6 74  8 (D 0,1,1) (S 18,1,4) (S 7,4,5) (S 7,5,4) (S 5,11,11) (S 13,4,11) (S 11,11,13) (D 0,1,1)
 0 1 3 4 35  6 (D 0,1,1) (S 19,1,3) (S 14,3,6) (S 6,12,12) (S 21,6,12) (D 0,1,1)
 0 1 4 3 36  5 (D 0,1,1) (S 18,1,4) (S 4,10,10) (S 12,4,10) (D 0,1,1)
 0 1 5 3 40  5 (D 0,1,1) (S 18,1,4) (S 5,11,11) (S 13,4,11) (D 0,1,1)
 0 1 6 4 31  6 (D 0,1,1) (S 19,1,3) (S 14,3,6) (S 4,10,10) (S 22,6,10) (D 0,1,1)
 0 1 7 17 140  19 (D 0,1,1) (S 19,1,3) (S 14,3,6) (S 1,2,2) (S 9,6,2) (S 9,2,6) (S 1,2,2) (S 9,6,2) (S 15,2,3) (S 14,3,6) (S 1,2,2) (S 9,6,2) (S 8,2,8) (S 1,2,2) (S 8,8,2) (S 8,2,8) (S 6,12,12) (S 17,8,12) (D 0,1,1)
 0 1 8 7 58  9 (D 0,1,1) (S 19,1,3) (S 14,3,6) (S 1,2,2) (S 9,6,2) (S 8,2,8) (S 3,9,9) (S 20,8,9) (D 0,1,1)
