862
7
3654184
525
 0 1 1 2 23  4 (D 0,1,1) (S 8,1,4) (S 21,4,11) (D 0,1,1)
 0 1 2 5 48  7 (D 0,1,1) (S 4,7,7) (S 12,1,7) (S 6,12,12) (S 11,7,12) (S 7,12,5) (D 0,1,1)
 0 1 3 4 15  6 (D 0,1,1) (S 1,2,2) (S 15,1,2) (S 5,9,9) (S 18,2,9) (D 0,1,1)
 0 1 4 1 19  3 (D 0,1,1) (S 17,1,10) (D 0,1,1)
 0 1 5 7 99  9 (D 0,1,1) (S 8,1,4) (S 2,3,3) (S 9,4,3) (S 9,3,4) (S 2,3,3) (S 9,4,3) (S 13,3,11) (D 0,1,1)
 0 1 6 5 56  7 (D 0,1,1) (S 4,7,7) (S 12,1,7) (S 6,12,12) (S 11,7,12) (S 19,12,11) (D 0,1,1)
 0 1 7 13 105  15 (D 0,1,1) (S 4,7,7) (S 12,1,7) (S 6,12,12) (S 11,7,12) (S 7,12,5) (S 3,6,6) (S 10,5,6) (S 4,7,7) (S 16,6,7) (S 6,12,12) (S 11,7,12) (S 7,12,5) (S 14,5,11) (D 0,1,1)
