587
8
3457180
499
 0 1 1 4 49  6 (D 0,1,1) (S 4,5,5) (S 10,1,5) (S 6,7,7) (S 16,5,7) (D 0,1,1)
 0 1 2 8 47  10 (D 0,1,1) (S 1,2,2) (S 11,1,2) (S 3,4,4) (S 9,2,4) (S 2,3,3) (S 14,4,3) (S 5,6,6) (S 18,3,6) (D 0,1,1)
 0 1 3 2 4  4 (D 0,1,1) (S 6,7,7) (S 12,1,7) (D 0,1,1)
 0 1 4 2 11  4 (D 0,1,1) (S 8,9,9) (S 13,1,9) (D 0,1,1)
 0 1 5 4 19  6 (D 0,1,1) (S 4,5,5) (S 10,1,5) (S 8,9,9) (S 17,5,9) (D 0,1,1)
 0 1 6 4 28  6 (D 0,1,1) (S 1,2,2) (S 11,1,2) (S 7,8,8) (S 15,2,8) (D 0,1,1)
 0 1 7 15 83  17 (D 0,1,1) (S 1,2,2) (S 11,1,2) (S 3,4,4) (S 9,2,4) (S 4,5,5) (S 19,4,5) (S 10,5,1) (S 1,2,2) (S 11,1,2) (S 3,4,4) (S 9,2,4) (S 2,3,3) (S 14,4,3) (S 6,7,7) (S 21,3,7) (D 0,1,1)
 0 1 8 10 56  12 (D 0,1,1) (S 1,2,2) (S 11,1,2) (S 3,4,4) (S 9,2,4) (S 2,3,3) (S 14,4,3) (S 5,6,6) (S 18,3,6) (S 6,7,7) (S 20,6,7) (D 0,1,1)
