60
7
12434439
476
 0 1 1 5 8  7 (D 0,1,1) (S 3,4,4) (S 7,1,4) (S 5,6,6) (S 9,4,6) (S 19,6,8) (D 0,1,1)
 0 1 2 4 8  6 (D 0,1,1) (S 4,5,5) (S 8,1,5) (S 6,7,7) (S 11,5,7) (D 0,1,1)
 0 1 3 2 2  4 (D 0,1,1) (S 6,7,7) (S 10,1,7) (D 0,1,1)
 0 1 4 1 1  3 (D 0,1,1) (S 14,1,8) (D 0,1,1)
 0 1 5 4 9  6 (D 0,1,1) (S 2,3,3) (S 16,1,3) (S 6,7,7) (S 12,3,7) (D 0,1,1)
 0 1 6 7 8  9 (D 0,1,1) (S 2,3,3) (S 16,1,3) (S 5,6,6) (S 13,3,6) (S 3,4,4) (S 9,6,4) (S 18,4,8) (D 0,1,1)
 0 1 7 5 10  7 (D 0,1,1) (S 2,3,3) (S 16,1,3) (S 4,5,5) (S 17,3,5) (S 8,5,1) (D 0,1,1)
