3259
8
5952093
48557
 0 1 1 72 112  74 (D 0,1,1) (S 7,10,10) (S 48,1,10) (S 3,5,5) (S 50,10,5) (S 58,5,2) (S 3,5,5) (S 58,2,5) (S 58,5,2) (S 1,3,3) (S 68,2,3) (S 2,4,4) (S 42,3,4) (S 1,3,3) (S 42,4,3) (S 4,6,6) (S 60,3,6) (S 3,5,5) (S 81,6,5) (S 7,10,10) (S 50,5,10) (S 13,17,17) (S 49,10,17) (S 7,10,10) (S 49,17,10) (S 13,17,17) (S 49,10,17) (S 14,18,18) (S 63,17,18) (S 13,17,17) (S 88,18,17) (S 22,31,31) (S 98,17,31) (S 13,17,17) (S 97,31,17) (S 12,16,16) (S 47,17,16) (S 13,17,17) (S 47,16,17) (S 12,16,16) (S 47,17,16) (S 11,15,15) (S 52,16,15) (S 17,24,24) (S 55,15,24) (S 11,15,15) (S 55,24,15) (S 17,24,24) (S 55,15,24) (S 13,17,17) (S 36,24,17) (S 17,24,24) (S 36,17,24) (S 61,24,30) (S 13,17,17) (S 67,30,17) (S 17,24,24) (S 36,17,24) (S 61,24,30) (S 21,29,29) (S 75,30,29) (S 56,29,23) (S 16,22,22) (S 85,23,22) (S 15,21,21) (S 91,22,21) (S 73,21,20) (S 15,21,21) (S 102,20,21) (S 18,26,26) (S 84,21,26) (S 19,27,27) (S 54,26,27) (D 0,1,1)
 0 1 2 23 38  25 (D 0,1,1) (S 12,16,16) (S 95,1,16) (S 11,15,15) (S 52,16,15) (S 10,14,14) (S 43,15,14) (S 45,14,23) (S 17,24,24) (S 99,23,24) (S 61,24,30) (S 26,38,38) (S 87,30,38) (S 27,39,39) (S 39,38,39) (S 22,31,31) (S 59,39,31) (S 27,39,39) (S 59,31,39) (S 82,39,30) (S 21,29,29) (S 75,30,29) (S 25,37,37) (S 70,29,37) (D 0,1,1)
 0 1 3 28 43  30 (D 0,1,1) (S 12,16,16) (S 95,1,16) (S 11,15,15) (S 52,16,15) (S 10,14,14) (S 43,15,14) (S 11,15,15) (S 43,14,15) (S 10,14,14) (S 43,15,14) (S 45,14,23) (S 20,28,28) (S 100,23,28) (S 16,22,22) (S 76,28,22) (S 15,21,21) (S 91,22,21) (S 90,21,13) (S 15,21,21) (S 62,13,21) (S 90,21,13) (S 16,22,22) (S 74,13,22) (S 15,21,21) (S 91,22,21) (S 90,21,13) (S 5,8,8) (S 78,13,8) (D 0,1,1)
 0 1 4 15 32  17 (D 0,1,1) (S 12,16,16) (S 95,1,16) (S 13,17,17) (S 47,16,17) (S 22,31,31) (S 98,17,31) (S 27,39,39) (S 59,31,39) (S 28,40,40) (S 83,39,40) (S 40,40,32) (S 28,40,40) (S 40,32,40) (S 40,40,32) (S 46,32,19) (D 0,1,1)
 0 1 5 11 18  13 (D 0,1,1) (S 12,16,16) (S 95,1,16) (S 11,15,15) (S 52,16,15) (S 17,24,24) (S 55,15,24) (S 61,24,30) (S 26,38,38) (S 87,30,38) (S 25,37,37) (S 72,38,37) (D 0,1,1)
 0 1 6 11 22  13 (D 0,1,1) (S 12,16,16) (S 95,1,16) (S 11,15,15) (S 52,16,15) (S 17,24,24) (S 55,15,24) (S 61,24,30) (S 26,38,38) (S 87,30,38) (S 92,38,36) (S 80,36,44) (D 0,1,1)
 0 1 7 42 66  44 (D 0,1,1) (S 7,10,10) (S 48,1,10) (S 3,5,5) (S 50,10,5) (S 58,5,2) (S 1,3,3) (S 68,2,3) (S 4,6,6) (S 60,3,6) (S 8,11,11) (S 35,6,11) (S 4,6,6) (S 35,11,6) (S 8,11,11) (S 35,6,11) (S 14,18,18) (S 69,11,18) (S 13,17,17) (S 88,18,17) (S 17,24,24) (S 36,17,24) (S 61,24,30) (S 26,38,38) (S 87,30,38) (S 92,38,36) (S 26,38,38) (S 103,36,38) (S 27,39,39) (S 39,38,39) (S 82,39,30) (S 21,29,29) (S 75,30,29) (S 56,29,23) (S 16,22,22) (S 85,23,22) (S 15,21,21) (S 91,22,21) (S 90,21,13) (S 6,9,9) (S 89,13,9) (S 5,8,8) (S 96,9,8) (D 0,1,1)
 0 1 8 21 37  23 (D 0,1,1) (S 12,16,16) (S 95,1,16) (S 11,15,15) (S 52,16,15) (S 10,14,14) (S 43,15,14) (S 45,14,23) (S 16,22,22) (S 85,23,22) (S 15,21,21) (S 91,22,21) (S 73,21,20) (S 105,20,25) (S 23,33,33) (S 51,25,33) (S 29,41,41) (S 86,33,41) (S 23,33,33) (S 101,41,33) (S 51,33,25) (S 71,25,20) (D 0,1,1)
