3135
7
8776517
22750
 0 1 1 31 89  33 (D 0,1,1) (S 22,1,5) (S 22,5,1) (S 1,2,2) (S 36,1,2) (S 67,2,3) (S 1,2,2) (S 51,3,2) (S 67,2,3) (S 7,10,10) (S 25,3,10) (S 28,10,19) (S 33,19,15) (S 6,9,9) (S 38,15,9) (S 7,10,10) (S 71,9,10) (S 6,9,9) (S 45,10,9) (S 1,2,2) (S 72,9,2) (S 36,2,1) (S 5,8,8) (S 18,1,8) (S 4,7,7) (S 34,8,7) (S 3,6,6) (S 49,7,6) (S 2,4,4) (S 35,6,4) (S 43,4,5) (S 22,5,1) (D 0,1,1)
 0 1 2 35 121  37 (D 0,1,1) (S 5,8,8) (S 18,1,8) (S 4,7,7) (S 34,8,7) (S 3,6,6) (S 49,7,6) (S 2,4,4) (S 35,6,4) (S 3,6,6) (S 35,4,6) (S 2,4,4) (S 35,6,4) (S 43,4,5) (S 5,8,8) (S 24,5,8) (S 18,8,1) (S 5,8,8) (S 18,1,8) (S 24,8,5) (S 5,8,8) (S 24,5,8) (S 41,8,13) (S 5,8,8) (S 52,13,8) (S 53,8,14) (S 10,17,17) (S 65,14,17) (S 13,22,22) (S 31,17,22) (S 10,17,17) (S 31,22,17) (S 56,17,14) (S 5,8,8) (S 47,14,8) (S 18,8,1) (D 0,1,1)
 0 1 3 27 107  29 (D 0,1,1) (S 5,8,8) (S 18,1,8) (S 53,8,14) (S 30,14,15) (S 5,8,8) (S 64,15,8) (S 41,8,13) (S 9,16,16) (S 66,13,16) (S 12,21,21) (S 19,16,21) (S 39,21,29) (S 13,22,22) (S 55,29,22) (S 68,22,29) (S 16,30,30) (S 62,29,30) (S 77,30,25) (S 42,25,29) (S 13,22,22) (S 55,29,22) (S 10,17,17) (S 31,22,17) (S 56,17,14) (S 5,8,8) (S 47,14,8) (S 18,8,1) (D 0,1,1)
 0 1 4 42 137  44 (D 0,1,1) (S 1,2,2) (S 36,1,2) (S 67,2,3) (S 7,10,10) (S 25,3,10) (S 25,10,3) (S 7,10,10) (S 25,3,10) (S 6,9,9) (S 45,10,9) (S 1,2,2) (S 72,9,2) (S 36,2,1) (S 5,8,8) (S 18,1,8) (S 53,8,14) (S 5,8,8) (S 47,14,8) (S 53,8,14) (S 48,14,13) (S 17,13,12) (S 17,12,13) (S 17,13,12) (S 9,16,16) (S 46,12,16) (S 10,17,17) (S 29,16,17) (S 13,22,22) (S 31,17,22) (S 12,21,21) (S 78,22,21) (S 15,28,28) (S 27,21,28) (S 26,28,24) (S 11,20,20) (S 21,24,20) (S 9,16,16) (S 61,20,16) (S 44,16,13) (S 5,8,8) (S 52,13,8) (S 18,8,1) (D 0,1,1)
 0 1 5 46 163  48 (D 0,1,1) (S 5,8,8) (S 18,1,8) (S 53,8,14) (S 10,17,17) (S 65,14,17) (S 56,17,14) (S 48,14,13) (S 17,13,12) (S 8,11,11) (S 69,12,11) (S 11,20,20) (S 20,11,20) (S 12,21,21) (S 59,20,21) (S 13,22,22) (S 63,21,22) (S 68,22,29) (S 15,28,28) (S 70,29,28) (S 12,21,21) (S 27,28,21) (S 73,21,24) (S 23,24,27) (S 23,27,24) (S 11,20,20) (S 21,24,20) (S 8,11,11) (S 20,20,11) (S 50,11,12) (S 9,16,16) (S 46,12,16) (S 12,21,21) (S 19,16,21) (S 39,21,29) (S 16,30,30) (S 62,29,30) (S 77,30,25) (S 42,25,29) (S 13,22,22) (S 55,29,22) (S 10,17,17) (S 31,22,17) (S 56,17,14) (S 5,8,8) (S 47,14,8) (S 18,8,1) (D 0,1,1)
 0 1 6 55 183  57 (D 0,1,1) (S 5,8,8) (S 18,1,8) (S 4,7,7) (S 34,8,7) (S 75,7,12) (S 9,16,16) (S 46,12,16) (S 44,16,13) (S 17,13,12) (S 8,11,11) (S 69,12,11) (S 11,20,20) (S 20,11,20) (S 9,16,16) (S 61,20,16) (S 12,21,21) (S 19,16,21) (S 73,21,24) (S 11,20,20) (S 21,24,20) (S 21,20,24) (S 15,28,28) (S 26,24,28) (S 26,28,24) (S 23,24,27) (S 15,28,28) (S 32,27,28) (S 12,21,21) (S 27,28,21) (S 39,21,29) (S 12,21,21) (S 74,29,21) (S 39,21,29) (S 16,30,30) (S 62,29,30) (S 57,30,29) (S 16,30,30) (S 62,29,30) (S 77,30,25) (S 42,25,29) (S 16,30,30) (S 62,29,30) (S 77,30,25) (S 16,30,30) (S 76,25,30) (S 77,30,25) (S 42,25,29) (S 13,22,22) (S 55,29,22) (S 10,17,17) (S 31,22,17) (S 56,17,14) (S 5,8,8) (S 47,14,8) (S 18,8,1) (D 0,1,1)
 0 1 7 15 44  17 (D 0,1,1) (S 1,2,2) (S 36,1,2) (S 67,2,3) (S 7,10,10) (S 25,3,10) (S 28,10,19) (S 37,19,18) (S 37,18,19) (S 37,19,18) (S 54,18,15) (S 6,9,9) (S 38,15,9) (S 1,2,2) (S 72,9,2) (S 36,2,1) (D 0,1,1)
