491
7
12338184
1259
 0 1 1 14 32  16 (D 0,1,1) (S 2,3,3) (S 21,1,3) (S 3,4,4) (S 19,3,4) (S 4,5,5) (S 14,4,5) (S 7,8,8) (S 25,5,8) (S 3,4,4) (S 12,8,4) (S 9,10,10) (S 16,4,10) (S 6,7,7) (S 11,10,7) (D 0,1,1)
 0 1 2 8 10  10 (D 0,1,1) (S 5,6,6) (S 27,1,6) (S 6,7,7) (S 18,6,7) (S 9,10,10) (S 11,7,10) (S 6,7,7) (S 11,10,7) (D 0,1,1)
 0 1 3 6 17  8 (D 0,1,1) (S 10,11,11) (S 30,1,11) (S 4,5,5) (S 13,11,5) (S 9,10,10) (S 28,5,10) (D 0,1,1)
 0 1 4 14 26  16 (D 0,1,1) (S 2,3,3) (S 21,1,3) (S 10,11,11) (S 22,3,11) (S 1,2,2) (S 15,11,2) (S 10,11,11) (S 15,2,11) (S 1,2,2) (S 15,11,2) (S 3,4,4) (S 17,2,4) (S 8,9,9) (S 23,4,9) (D 0,1,1)
 0 1 5 4 7  6 (D 0,1,1) (S 5,6,6) (S 27,1,6) (S 9,10,10) (S 24,6,10) (D 0,1,1)
 0 1 6 6 17  8 (D 0,1,1) (S 2,3,3) (S 21,1,3) (S 8,9,9) (S 26,3,9) (S 9,10,10) (S 29,9,10) (D 0,1,1)
 0 1 7 14 41  16 (D 0,1,1) (S 5,6,6) (S 27,1,6) (S 7,8,8) (S 31,6,8) (S 3,4,4) (S 12,8,4) (S 4,5,5) (S 14,4,5) (S 10,11,11) (S 13,5,11) (S 1,2,2) (S 15,11,2) (S 2,3,3) (S 20,2,3) (D 0,1,1)
