684
7
4816228
2252
 0 1 1 8 20  10 (D 0,1,1) (S 16,1,20) (S 13,21,21) (S 28,20,21) (S 37,21,24) (S 21,24,23) (S 21,23,24) (S 13,21,21) (S 25,24,21) (D 0,1,1)
 0 1 2 6 24  8 (D 0,1,1) (S 8,11,11) (S 30,1,11) (S 5,6,6) (S 22,11,6) (S 4,5,5) (S 27,6,5) (D 0,1,1)
 0 1 3 2 4  4 (D 0,1,1) (S 12,19,19) (S 33,1,19) (D 0,1,1)
 0 1 4 6 20  8 (D 0,1,1) (S 16,1,20) (S 31,20,15) (S 39,15,20) (S 31,20,15) (S 13,21,21) (S 40,15,21) (D 0,1,1)
 0 1 5 15 43  17 (D 0,1,1) (S 8,11,11) (S 30,1,11) (S 5,6,6) (S 22,11,6) (S 15,6,12) (S 5,6,6) (S 15,12,6) (S 15,6,12) (S 8,11,11) (S 26,12,11) (S 5,6,6) (S 22,11,6) (S 15,6,12) (S 10,17,17) (S 32,12,17) (D 0,1,1)
 0 1 6 10 28  12 (D 0,1,1) (S 8,11,11) (S 30,1,11) (S 5,6,6) (S 22,11,6) (S 15,6,12) (S 18,12,16) (S 18,16,12) (S 18,12,16) (S 10,17,17) (S 23,16,17) (D 0,1,1)
 0 1 7 9 31  11 (D 0,1,1) (S 8,11,11) (S 30,1,11) (S 5,6,6) (S 22,11,6) (S 15,6,12) (S 18,12,16) (S 34,16,15) (S 39,15,20) (S 16,20,1) (D 0,1,1)
