7470
6
3836278
98782
 0 1 1 24 53  26 (D 0,1,1) (S 3,6,6) (S 52,1,6) (S 8,12,12) (S 87,6,12) (S 9,13,13) (S 61,12,13) (S 3,6,6) (S 39,13,6) (S 52,6,1) (S 46,1,2) (S 1,3,3) (S 51,2,3) (S 5,9,9) (S 33,3,9) (S 1,3,3) (S 33,9,3) (S 5,9,9) (S 33,3,9) (S 10,15,15) (S 37,9,15) (S 5,9,9) (S 37,15,9) (S 6,10,10) (S 58,9,10) (D 0,1,1)
 0 1 2 50 94  52 (D 0,1,1) (S 2,5,5) (S 124,1,5) (S 3,6,6) (S 41,5,6) (S 8,12,12) (S 87,6,12) (S 3,6,6) (S 70,12,6) (S 8,12,12) (S 87,6,12) (S 7,11,11) (S 93,12,11) (S 8,12,12) (S 106,11,12) (S 9,13,13) (S 61,12,13) (S 60,13,14) (S 10,15,15) (S 103,14,15) (S 5,9,9) (S 37,15,9) (S 1,3,3) (S 33,9,3) (S 51,3,2) (S 95,2,7) (S 89,7,2) (S 95,2,7) (S 9,13,13) (S 91,7,13) (S 8,12,12) (S 94,13,12) (S 9,13,13) (S 61,12,13) (S 60,13,14) (S 15,22,22) (S 105,14,22) (S 55,22,21) (S 9,13,13) (S 84,21,13) (S 60,13,14) (S 4,8,8) (S 53,14,8) (S 53,8,14) (S 15,22,22) (S 105,14,22) (S 82,22,14) (S 15,22,22) (S 105,14,22) (S 16,23,23) (S 90,22,23) (D 0,1,1)
 0 1 3 52 128  54 (D 0,1,1) (S 2,5,5) (S 124,1,5) (S 7,11,11) (S 92,5,11) (S 8,12,12) (S 106,11,12) (S 9,13,13) (S 61,12,13) (S 60,13,14) (S 15,22,22) (S 105,14,22) (S 55,22,21) (S 104,21,27) (S 20,30,30) (S 32,27,30) (S 14,20,20) (S 79,30,20) (S 45,20,21) (S 104,21,27) (S 38,27,36) (S 27,42,42) (S 83,36,42) (S 66,42,41) (S 30,49,49) (S 50,41,49) (S 50,49,41) (S 24,35,35) (S 75,41,35) (S 63,35,27) (S 24,35,35) (S 54,27,35) (S 63,35,27) (S 111,27,21) (S 14,20,20) (S 45,21,20) (S 20,30,30) (S 127,20,30) (S 17,26,26) (S 116,30,26) (S 19,29,29) (S 43,26,29) (S 23,33,33) (S 112,29,33) (S 35,33,39) (S 19,29,29) (S 120,39,29) (S 17,26,26) (S 43,29,26) (S 12,18,18) (S 59,26,18) (S 13,19,19) (S 118,18,19) (D 0,1,1)
 0 1 4 15 35  17 (D 0,1,1) (S 46,1,2) (S 95,2,7) (S 4,8,8) (S 114,7,8) (S 53,8,14) (S 15,22,22) (S 105,14,22) (S 55,22,21) (S 104,21,27) (S 20,30,30) (S 32,27,30) (S 17,26,26) (S 116,30,26) (S 13,19,19) (S 109,26,19) (D 0,1,1)
 0 1 5 139 323  141 (D 0,1,1) (S 3,6,6) (S 52,1,6) (S 8,12,12) (S 87,6,12) (S 9,13,13) (S 61,12,13) (S 60,13,14) (S 15,22,22) (S 105,14,22) (S 55,22,21) (S 104,21,27) (S 38,27,36) (S 24,35,35) (S 96,36,35) (S 63,35,27) (S 38,27,36) (S 27,42,42) (S 83,36,42) (S 81,42,36) (S 27,42,42) (S 83,36,42) (S 121,42,43) (S 28,45,45) (S 48,43,45) (S 31,50,50) (S 78,45,50) (S 28,45,45) (S 73,50,45) (S 48,45,43) (S 27,42,42) (S 56,43,42) (S 121,42,43) (S 31,50,50) (S 69,43,50) (S 30,49,49) (S 122,50,49) (S 50,49,41) (S 34,41,48) (S 34,48,41) (S 34,41,48) (S 30,49,49) (S 68,48,49) (S 50,49,41) (S 34,41,48) (S 119,48,47) (S 26,40,40) (S 36,47,40) (S 36,40,47) (S 26,40,40) (S 36,47,40) (S 23,33,33) (S 74,40,33) (S 29,46,46) (S 47,33,46) (S 23,33,33) (S 47,46,33) (S 19,29,29) (S 71,33,29) (S 23,33,33) (S 112,29,33) (S 26,40,40) (S 107,33,40) (S 86,40,34) (S 24,35,35) (S 57,34,35) (S 63,35,27) (S 38,27,36) (S 27,42,42) (S 83,36,42) (S 121,42,43) (S 100,43,37) (S 21,31,31) (S 49,37,31) (S 88,31,27) (S 38,27,36) (S 27,42,42) (S 83,36,42) (S 121,42,43) (S 100,43,37) (S 65,37,43) (S 100,43,37) (S 22,32,32) (S 76,37,32) (S 25,38,38) (S 44,32,38) (S 28,45,45) (S 85,38,45) (S 48,45,43) (S 100,43,37) (S 80,37,36) (S 27,42,42) (S 83,36,42) (S 121,42,43) (S 100,43,37) (S 25,38,38) (S 115,37,38) (S 126,38,43) (S 28,45,45) (S 48,43,45) (S 31,50,50) (S 78,45,50) (S 123,50,44) (S 31,50,50) (S 62,44,50) (S 123,50,44) (S 30,49,49) (S 117,44,49) (S 50,49,41) (S 34,41,48) (S 119,48,47) (S 26,40,40) (S 36,47,40) (S 86,40,34) (S 17,26,26) (S 108,34,26) (S 19,29,29) (S 43,26,29) (S 23,33,33) (S 112,29,33) (S 26,40,40) (S 107,33,40) (S 86,40,34) (S 24,35,35) (S 57,34,35) (S 63,35,27) (S 38,27,36) (S 27,42,42) (S 83,36,42) (S 121,42,43) (S 100,43,37) (S 22,32,32) (S 76,37,32) (S 18,28,28) (S 40,32,28) (S 22,32,32) (S 40,28,32) (S 72,32,24) (S 16,23,23) (S 67,24,23) (D 0,1,1)
 0 1 6 70 180  72 (D 0,1,1) (S 3,6,6) (S 52,1,6) (S 8,12,12) (S 87,6,12) (S 9,13,13) (S 61,12,13) (S 60,13,14) (S 15,22,22) (S 105,14,22) (S 55,22,21) (S 104,21,27) (S 38,27,36) (S 27,42,42) (S 83,36,42) (S 121,42,43) (S 100,43,37) (S 22,32,32) (S 76,37,32) (S 99,32,37) (S 22,32,32) (S 76,37,32) (S 18,28,28) (S 40,32,28) (S 42,28,25) (S 18,28,28) (S 42,25,28) (S 22,32,32) (S 40,28,32) (S 72,32,24) (S 22,32,32) (S 77,24,32) (S 72,32,24) (S 102,24,25) (S 18,28,28) (S 42,25,28) (S 22,32,32) (S 40,28,32) (S 72,32,24) (S 110,24,16) (S 11,17,17) (S 97,16,17) (S 101,17,16) (S 98,16,24) (S 110,24,16) (S 5,9,9) (S 125,16,9) (S 1,3,3) (S 33,9,3) (S 51,3,2) (S 95,2,7) (S 4,8,8) (S 114,7,8) (S 53,8,14) (S 15,22,22) (S 105,14,22) (S 55,22,21) (S 104,21,27) (S 38,27,36) (S 27,42,42) (S 83,36,42) (S 121,42,43) (S 100,43,37) (S 22,32,32) (S 76,37,32) (S 72,32,24) (S 110,24,16) (S 11,17,17) (S 97,16,17) (S 6,10,10) (S 113,17,10) (D 0,1,1)
