764
6
6492519
11653
 0 1 1 26 61  28 (D 0,1,1) (S 22,35,35) (S 35,1,35) (S 23,36,36) (S 37,35,36) (S 41,36,29) (S 42,29,30) (S 20,31,31) (S 51,30,31) (S 24,37,37) (S 58,31,37) (S 25,38,38) (S 73,37,38) (S 26,39,39) (S 45,38,39) (S 32,39,32) (S 20,31,31) (S 47,32,31) (S 24,37,37) (S 58,31,37) (S 63,37,30) (S 42,30,29) (S 23,36,36) (S 41,29,36) (S 1,2,2) (S 30,36,2) (S 56,2,1) (D 0,1,1)
 0 1 2 5 10  7 (D 0,1,1) (S 4,6,6) (S 29,1,6) (S 29,6,1) (S 27,40,40) (S 68,1,40) (D 0,1,1)
 0 1 3 18 37  20 (D 0,1,1) (S 9,11,11) (S 71,1,11) (S 10,12,12) (S 50,11,12) (S 9,11,11) (S 75,12,11) (S 12,16,16) (S 33,11,16) (S 9,11,11) (S 33,16,11) (S 12,16,16) (S 33,11,16) (S 57,16,15) (S 12,16,16) (S 48,15,16) (S 57,16,15) (S 7,9,9) (S 62,15,9) (D 0,1,1)
 0 1 4 18 38  20 (D 0,1,1) (S 22,35,35) (S 35,1,35) (S 23,36,36) (S 37,35,36) (S 1,2,2) (S 30,36,2) (S 23,36,36) (S 30,2,36) (S 1,2,2) (S 30,36,2) (S 56,2,1) (S 9,11,11) (S 71,1,11) (S 12,16,16) (S 33,11,16) (S 57,16,15) (S 31,15,14) (S 31,14,15) (D 0,1,1)
 0 1 5 14 31  16 (D 0,1,1) (S 22,35,35) (S 35,1,35) (S 23,36,36) (S 37,35,36) (S 41,36,29) (S 42,29,30) (S 20,31,31) (S 51,30,31) (S 24,37,37) (S 58,31,37) (S 2,3,3) (S 52,37,3) (S 3,4,4) (S 66,3,4) (D 0,1,1)
 0 1 6 41 87  43 (D 0,1,1) (S 22,35,35) (S 35,1,35) (S 23,36,36) (S 37,35,36) (S 41,36,29) (S 42,29,30) (S 20,31,31) (S 51,30,31) (S 24,37,37) (S 58,31,37) (S 63,37,30) (S 20,31,31) (S 51,30,31) (S 24,37,37) (S 58,31,37) (S 25,38,38) (S 73,37,38) (S 26,39,39) (S 45,38,39) (S 72,39,5) (S 26,39,39) (S 43,5,39) (S 32,39,32) (S 26,39,39) (S 32,32,39) (S 32,39,32) (S 20,31,31) (S 47,32,31) (S 24,37,37) (S 58,31,37) (S 2,3,3) (S 52,37,3) (S 24,37,37) (S 70,3,37) (S 25,38,38) (S 73,37,38) (S 26,39,39) (S 45,38,39) (S 72,39,5) (S 3,4,4) (S 67,5,4) (D 0,1,1)
