245
6
12423466
2507
 0 1 1 6 13  8 (D 0,1,1) (S 14,20,20) (S 20,1,20) (S 15,21,21) (S 31,20,21) (S 16,23,23) (S 21,21,23) (D 0,1,1)
 0 1 2 17 43  19 (D 0,1,1) (S 3,5,5) (S 17,1,5) (S 2,4,4) (S 42,5,4) (S 19,4,3) (S 2,4,4) (S 19,3,4) (S 19,4,3) (S 24,3,9) (S 24,9,3) (S 24,3,9) (S 13,19,19) (S 41,9,19) (S 35,19,9) (S 24,9,3) (S 6,10,10) (S 23,3,10) (D 0,1,1)
 0 1 3 5 11  7 (D 0,1,1) (S 29,1,9) (S 24,9,3) (S 6,10,10) (S 23,3,10) (S 23,10,3) (D 0,1,1)
 0 1 4 2 4  4 (D 0,1,1) (S 13,19,19) (S 34,1,19) (D 0,1,1)
 0 1 5 10 13  12 (D 0,1,1) (S 3,5,5) (S 17,1,5) (S 1,2,2) (S 18,5,2) (S 3,5,5) (S 18,2,5) (S 1,2,2) (S 18,5,2) (S 2,4,4) (S 40,2,4) (D 0,1,1)
 0 1 6 12 25  14 (D 0,1,1) (S 14,20,20) (S 20,1,20) (S 15,21,21) (S 31,20,21) (S 33,21,24) (S 15,21,21) (S 38,24,21) (S 16,23,23) (S 21,21,23) (S 25,23,22) (S 16,23,23) (S 25,22,23) (D 0,1,1)
