345
7
4850096
728
 0 1 1 2 23  4 (D 0,1,1) (S 14,1,4) (S 17,4,13) (D 0,1,1)
 0 1 2 5 30  7 (D 0,1,1) (S 21,1,12) (S 4,7,7) (S 9,12,7) (S 5,8,8) (S 20,7,8) (D 0,1,1)
 0 1 3 2 19  4 (D 0,1,1) (S 7,10,10) (S 22,1,10) (D 0,1,1)
 0 1 4 3 22  5 (D 0,1,1) (S 1,2,2) (S 24,1,2) (S 13,2,4) (D 0,1,1)
 0 1 5 9 50  11 (D 0,1,1) (S 21,1,12) (S 8,12,5) (S 3,6,6) (S 12,5,6) (S 11,6,12) (S 3,6,6) (S 11,12,6) (S 11,6,12) (S 25,12,13) (D 0,1,1)
 0 1 6 3 32  5 (D 0,1,1) (S 21,1,12) (S 8,12,5) (S 16,5,13) (D 0,1,1)
 0 1 7 6 55  8 (D 0,1,1) (S 21,1,12) (S 8,12,5) (S 23,5,11) (S 5,8,8) (S 10,11,8) (S 10,8,11) (D 0,1,1)
