972
7
4868173
17945
 0 1 1 17 45  19 (D 0,1,1) (S 28,1,33) (S 16,26,26) (S 44,33,26) (S 22,34,34) (S 67,26,34) (S 17,27,27) (S 35,34,27) (S 22,34,34) (S 35,27,34) (S 32,34,33) (S 22,34,34) (S 32,33,34) (S 32,34,33) (S 28,33,1) (S 31,1,10) (S 8,16,16) (S 70,10,16) (D 0,1,1)
 0 1 2 65 140  67 (D 0,1,1) (S 52,1,6) (S 2,7,7) (S 43,6,7) (S 43,7,6) (S 6,12,12) (S 50,6,12) (S 47,12,6) (S 1,2,2) (S 34,6,2) (S 34,2,6) (S 1,2,2) (S 34,6,2) (S 49,2,3) (S 26,3,4) (S 65,4,5) (S 39,5,39) (S 39,39,5) (S 55,5,4) (S 25,38,38) (S 68,4,38) (S 27,38,39) (S 39,39,5) (S 55,5,4) (S 26,4,3) (S 24,37,37) (S 38,3,37) (S 38,37,3) (S 1,2,2) (S 57,3,2) (S 49,2,3) (S 2,7,7) (S 64,3,7) (S 43,7,6) (S 6,12,12) (S 50,6,12) (S 9,17,17) (S 45,12,17) (S 6,12,12) (S 45,17,12) (S 9,17,17) (S 45,12,17) (S 10,18,18) (S 29,17,18) (S 37,18,13) (S 6,12,12) (S 61,13,12) (S 9,17,17) (S 45,12,17) (S 51,17,13) (S 9,17,17) (S 76,13,17) (S 6,12,12) (S 45,17,12) (S 47,12,6) (S 1,2,2) (S 34,6,2) (S 49,2,3) (S 26,3,4) (S 25,38,38) (S 68,4,38) (S 66,38,4) (S 25,38,38) (S 68,4,38) (S 24,37,37) (S 73,38,37) (D 0,1,1)
 0 1 3 4 10  6 (D 0,1,1) (S 5,11,11) (S 54,1,11) (S 6,12,12) (S 62,11,12) (D 0,1,1)
 0 1 4 10 24  12 (D 0,1,1) (S 58,1,35) (S 23,36,36) (S 71,35,36) (S 40,36,29) (S 19,30,30) (S 36,29,30) (S 20,31,31) (S 60,30,31) (S 25,38,38) (S 74,31,38) (D 0,1,1)
 0 1 5 17 50  19 (D 0,1,1) (S 30,1,40) (S 30,40,1) (S 58,1,35) (S 75,35,1) (S 30,1,40) (S 3,8,8) (S 33,40,8) (S 33,8,40) (S 3,8,8) (S 33,40,8) (S 4,9,9) (S 59,8,9) (S 7,15,15) (S 56,9,15) (S 41,15,14) (S 7,15,15) (S 41,14,15) (D 0,1,1)
 0 1 6 4 16  6 (D 0,1,1) (S 30,1,40) (S 3,8,8) (S 33,40,8) (S 72,8,14) (D 0,1,1)
 0 1 7 14 48  16 (D 0,1,1) (S 58,1,35) (S 23,36,36) (S 71,35,36) (S 69,36,35) (S 75,35,1) (S 30,1,40) (S 3,8,8) (S 33,40,8) (S 4,9,9) (S 59,8,9) (S 3,8,8) (S 63,9,8) (S 33,8,40) (S 30,40,1) (D 0,1,1)
