1575
7
3632953
9610
 0 1 1 24 97  26 (D 0,1,1) (S 24,1,2) (S 1,3,3) (S 43,2,3) (S 56,3,2) (S 6,9,9) (S 51,2,9) (S 5,8,8) (S 34,9,8) (S 6,9,9) (S 34,8,9) (S 5,8,8) (S 34,9,8) (S 30,8,1) (S 5,8,8) (S 30,1,8) (S 53,8,13) (S 5,8,8) (S 39,13,8) (S 53,8,13) (S 50,13,16) (S 38,16,13) (S 5,8,8) (S 39,13,8) (S 30,8,1) (D 0,1,1)
 0 1 2 17 62  19 (D 0,1,1) (S 5,8,8) (S 30,1,8) (S 53,8,13) (S 50,13,16) (S 12,17,17) (S 26,16,17) (S 13,18,18) (S 33,17,18) (S 11,15,15) (S 55,18,15) (S 7,10,10) (S 25,15,10) (S 11,15,15) (S 25,10,15) (S 35,15,19) (S 11,15,15) (S 35,19,15) (D 0,1,1)
 0 1 3 8 33  10 (D 0,1,1) (S 5,8,8) (S 30,1,8) (S 53,8,13) (S 50,13,16) (S 15,21,21) (S 23,16,21) (S 18,24,24) (S 37,21,24) (D 0,1,1)
 0 1 4 12 52  14 (D 0,1,1) (S 5,8,8) (S 30,1,8) (S 53,8,13) (S 50,13,16) (S 38,16,13) (S 50,13,16) (S 8,11,11) (S 42,16,11) (S 9,12,12) (S 45,11,12) (S 8,11,11) (S 46,12,11) (D 0,1,1)
 0 1 5 6 27  8 (D 0,1,1) (S 5,8,8) (S 30,1,8) (S 53,8,13) (S 50,13,16) (S 9,12,12) (S 63,16,12) (D 0,1,1)
 0 1 6 40 149  42 (D 0,1,1) (S 5,8,8) (S 30,1,8) (S 53,8,13) (S 50,13,16) (S 15,21,21) (S 23,16,21) (S 21,29,29) (S 41,21,29) (S 44,29,28) (S 15,21,21) (S 36,28,21) (S 36,21,28) (S 21,29,29) (S 40,28,29) (S 15,21,21) (S 60,29,21) (S 23,21,16) (S 12,17,17) (S 26,16,17) (S 16,22,22) (S 28,17,22) (S 15,21,21) (S 47,22,21) (S 23,21,16) (S 12,17,17) (S 26,16,17) (S 52,17,13) (S 50,13,16) (S 12,17,17) (S 26,16,17) (S 16,22,22) (S 28,17,22) (S 29,22,25) (S 16,22,22) (S 29,25,22) (S 29,22,25) (S 22,30,30) (S 48,25,30) (S 19,26,26) (S 32,30,26) (D 0,1,1)
 0 1 7 25 78  27 (D 0,1,1) (S 5,8,8) (S 30,1,8) (S 53,8,13) (S 50,13,16) (S 12,17,17) (S 26,16,17) (S 16,22,22) (S 28,17,22) (S 29,22,25) (S 21,29,29) (S 62,25,29) (S 15,21,21) (S 60,29,21) (S 23,21,16) (S 12,17,17) (S 26,16,17) (S 16,22,22) (S 28,17,22) (S 29,22,25) (S 22,30,30) (S 48,25,30) (S 19,26,26) (S 32,30,26) (S 22,30,30) (S 32,26,30) (D 0,1,1)
