79
7
8810220
783
 0 1 1 5 6  7 (D 0,1,1) (S 11,1,11) (S 6,7,7) (S 10,11,7) (S 8,10,10) (S 13,7,10) (D 0,1,1)
 0 1 2 13 26  15 (D 0,1,1) (S 9,1,9) (S 5,6,6) (S 12,9,6) (S 18,6,11) (S 11,11,1) (S 1,2,2) (S 15,1,2) (S 3,4,4) (S 14,2,4) (S 6,7,7) (S 17,4,7) (S 10,7,11) (S 11,11,1) (D 0,1,1)
 0 1 3 2 2  4 (D 0,1,1) (S 7,8,8) (S 20,1,8) (D 0,1,1)
 0 1 4 2 8  4 (D 0,1,1) (S 4,5,5) (S 24,1,5) (D 0,1,1)
 0 1 5 5 14  7 (D 0,1,1) (S 1,2,2) (S 15,1,2) (S 16,2,9) (S 8,10,10) (S 19,9,10) (D 0,1,1)
 0 1 6 4 2  6 (D 0,1,1) (S 1,2,2) (S 15,1,2) (S 7,8,8) (S 22,2,8) (D 0,1,1)
 0 1 7 13 27  15 (D 0,1,1) (S 1,2,2) (S 15,1,2) (S 3,4,4) (S 14,2,4) (S 6,7,7) (S 17,4,7) (S 21,7,9) (S 9,9,1) (S 11,1,11) (S 6,7,7) (S 10,11,7) (S 7,8,8) (S 23,7,8) (D 0,1,1)
