4998
6
7496184
26084
 0 1 1 44 144  46 (D 0,1,1) (S 5,7,7) (S 60,1,7) (S 9,13,13) (S 56,7,13) (S 10,14,14) (S 54,13,14) (S 17,24,24) (S 45,14,24) (S 36,24,23) (S 10,14,14) (S 41,23,14) (S 11,15,15) (S 70,14,15) (S 10,14,14) (S 47,15,14) (S 83,14,23) (S 9,13,13) (S 77,23,13) (S 66,13,23) (S 86,23,29) (S 48,29,23) (S 17,24,24) (S 36,23,24) (S 21,30,30) (S 71,24,30) (S 22,31,31) (S 29,30,31) (S 25,35,35) (S 43,31,35) (S 27,39,39) (S 35,35,39) (S 31,39,38) (S 24,34,34) (S 55,38,34) (S 25,35,35) (S 51,34,35) (S 82,35,36) (S 23,32,32) (S 52,36,32) (S 20,27,27) (S 28,32,27) (S 30,27,21) (S 16,22,22) (S 37,21,22) (D 0,1,1)
 0 1 2 36 120  38 (D 0,1,1) (S 5,7,7) (S 60,1,7) (S 67,7,1) (S 5,7,7) (S 60,1,7) (S 9,13,13) (S 56,7,13) (S 66,13,23) (S 17,24,24) (S 36,23,24) (S 10,14,14) (S 89,24,14) (S 83,14,23) (S 86,23,29) (S 24,34,34) (S 63,29,34) (S 25,35,35) (S 51,34,35) (S 82,35,36) (S 23,32,32) (S 52,36,32) (S 20,27,27) (S 28,32,27) (S 32,27,28) (S 20,27,27) (S 32,28,27) (S 30,27,21) (S 16,22,22) (S 37,21,22) (S 37,22,21) (S 15,20,20) (S 84,21,20) (S 14,19,19) (S 73,20,19) (S 19,26,26) (S 92,19,26) (D 0,1,1)
 0 1 3 28 118  30 (D 0,1,1) (S 5,7,7) (S 60,1,7) (S 9,13,13) (S 56,7,13) (S 66,13,23) (S 17,24,24) (S 36,23,24) (S 21,30,30) (S 71,24,30) (S 49,30,29) (S 24,34,34) (S 63,29,34) (S 79,34,38) (S 27,39,39) (S 31,38,39) (S 31,39,38) (S 24,34,34) (S 55,38,34) (S 25,35,35) (S 51,34,35) (S 82,35,36) (S 27,39,39) (S 64,36,39) (S 25,35,35) (S 35,39,35) (S 82,35,36) (S 87,36,40) (S 38,40,41) (D 0,1,1)
 0 1 4 18 81  20 (D 0,1,1) (S 5,7,7) (S 60,1,7) (S 9,13,13) (S 56,7,13) (S 66,13,23) (S 86,23,29) (S 24,34,34) (S 63,29,34) (S 25,35,35) (S 51,34,35) (S 82,35,36) (S 25,35,35) (S 93,36,35) (S 82,35,36) (S 23,32,32) (S 52,36,32) (S 19,26,26) (S 42,32,26) (D 0,1,1)
 0 1 5 31 112  33 (D 0,1,1) (S 5,7,7) (S 60,1,7) (S 9,13,13) (S 56,7,13) (S 66,13,23) (S 17,24,24) (S 36,23,24) (S 21,30,30) (S 71,24,30) (S 22,31,31) (S 29,30,31) (S 18,25,25) (S 39,31,25) (S 22,31,31) (S 39,25,31) (S 18,25,25) (S 39,31,25) (S 11,15,15) (S 62,25,15) (S 10,14,14) (S 47,15,14) (S 17,24,24) (S 45,14,24) (S 21,30,30) (S 71,24,30) (S 22,31,31) (S 29,30,31) (S 18,25,25) (S 39,31,25) (S 19,26,26) (S 72,25,26) (D 0,1,1)
 0 1 6 26 99  28 (D 0,1,1) (S 5,7,7) (S 60,1,7) (S 9,13,13) (S 56,7,13) (S 66,13,23) (S 86,23,29) (S 24,34,34) (S 63,29,34) (S 25,35,35) (S 51,34,35) (S 82,35,36) (S 23,32,32) (S 52,36,32) (S 22,31,31) (S 85,32,31) (S 25,35,35) (S 43,31,35) (S 82,35,36) (S 23,32,32) (S 52,36,32) (S 20,27,27) (S 28,32,27) (S 30,27,21) (S 15,20,20) (S 84,21,20) (S 90,20,21) (D 0,1,1)
