260
6
8194345
750
 0 1 1 6 13  8 (D 0,1,1) (S 2,3,3) (S 11,1,3) (S 3,4,4) (S 10,3,4) (S 8,9,9) (S 13,4,9) (D 0,1,1)
 0 1 2 6 9  8 (D 0,1,1) (S 3,4,4) (S 15,1,4) (S 6,7,7) (S 21,4,7) (S 8,9,9) (S 16,7,9) (D 0,1,1)
 0 1 3 6 14  8 (D 0,1,1) (S 7,8,8) (S 22,1,8) (S 1,2,2) (S 12,8,2) (S 8,9,9) (S 14,2,9) (D 0,1,1)
 0 1 4 6 12  8 (D 0,1,1) (S 7,8,8) (S 22,1,8) (S 5,6,6) (S 9,8,6) (S 6,7,7) (S 25,6,7) (D 0,1,1)
 0 1 5 4 8  6 (D 0,1,1) (S 2,3,3) (S 11,1,3) (S 8,9,9) (S 23,3,9) (D 0,1,1)
 0 1 6 13 34  15 (D 0,1,1) (S 7,8,8) (S 22,1,8) (S 1,2,2) (S 12,8,2) (S 5,6,6) (S 18,2,6) (S 7,8,8) (S 9,6,8) (S 1,2,2) (S 12,8,2) (S 2,3,3) (S 19,2,3) (S 11,3,1) (D 0,1,1)
