399
6
12448125
365
 0 1 1 7 65  9 (D 0,1,1) (S 3,4,4) (S 9,1,4) (S 9,4,1) (S 1,2,2) (S 10,1,2) (S 2,3,3) (S 8,2,3) (D 0,1,1)
 0 1 2 1 19  3 (D 0,1,1) (S 14,1,10) (D 0,1,1)
 0 1 3 2 19  4 (D 0,1,1) (S 5,7,7) (S 18,1,7) (D 0,1,1)
 0 1 4 9 46  11 (D 0,1,1) (S 1,2,2) (S 10,1,2) (S 2,3,3) (S 8,2,3) (S 4,5,5) (S 15,3,5) (S 13,5,6) (S 7,12,12) (S 11,6,12) (D 0,1,1)
 0 1 5 9 47  11 (D 0,1,1) (S 1,2,2) (S 10,1,2) (S 2,3,3) (S 8,2,3) (S 4,5,5) (S 15,3,5) (S 13,5,6) (S 5,7,7) (S 16,6,7) (D 0,1,1)
 0 1 6 10 65  12 (D 0,1,1) (S 1,2,2) (S 10,1,2) (S 2,3,3) (S 8,2,3) (S 4,5,5) (S 15,3,5) (S 13,5,6) (S 7,12,12) (S 11,6,12) (S 12,12,11) (D 0,1,1)
