1356
6
3622009
1472
 0 1 1 12 88  14 (D 0,1,1) (S 4,2,2) (S 5,1,2) (S 2,3,3) (S 10,2,3) (S 13,3,4) (S 1,11,11) (S 16,4,11) (S 18,11,5) (S 3,6,6) (S 17,5,6) (S 21,6,12) (S 9,12,1) (D 0,1,1)
 0 1 2 10 64  12 (D 0,1,1) (S 6,1,4) (S 1,11,11) (S 16,4,11) (S 2,3,3) (S 15,11,3) (S 14,3,5) (S 3,6,6) (S 17,5,6) (S 21,6,12) (S 9,12,1) (D 0,1,1)
 0 1 3 5 79  7 (D 0,1,1) (S 7,1,7) (S 23,7,12) (S 9,12,1) (S 29,1,10) (S 8,10,1) (D 0,1,1)
 0 1 4 11 78  13 (D 0,1,1) (S 4,2,2) (S 5,1,2) (S 11,2,4) (S 1,11,11) (S 16,4,11) (S 18,11,5) (S 3,6,6) (S 17,5,6) (S 20,6,7) (S 23,7,12) (S 9,12,1) (D 0,1,1)
 0 1 5 13 169  15 (D 0,1,1) (S 29,1,10) (S 27,10,8) (S 22,8,7) (S 23,7,12) (S 1,11,11) (S 26,12,11) (S 18,11,5) (S 19,5,12) (S 9,12,1) (S 29,1,10) (S 28,10,9) (S 25,9,10) (S 8,10,1) (D 0,1,1)
 0 1 6 17 150  19 (D 0,1,1) (S 29,1,10) (S 27,10,8) (S 24,8,10) (S 28,10,9) (S 4,2,2) (S 12,9,2) (S 2,3,3) (S 10,2,3) (S 14,3,5) (S 3,6,6) (S 17,5,6) (S 21,6,12) (S 9,12,1) (S 29,1,10) (S 28,10,9) (S 25,9,10) (S 8,10,1) (D 0,1,1)
